TABS1	TABS2	TABS3	TABS4	TABS5	TAD1	TAD10	TAD2	TAD3	TAD4	TAD5	TAD6	TAD7	TAD8	TAD9	TAE0BS1	TAE0BS2	TAE0BS3	TAE0BS4	TAE0BS5	TAE0D1	TAE0D4	TAE0D5	TAE0D7	TAE0D9	TAE0H10	TAE0H6	TAE0H7	TAE0H8	TAE0H9	TAH1	TAH10	TAH2	TAH3	TAH4	TAH5	TAH6	TAH7	TAH8	TAH9
OTU_1	3	3	3	4	4	7717	0	1	46	2	7240	1	45	2951	0	2	3	4	5	2	8513	11	7943	55	1	3	3	5	3	3	0	0	1	0	1	0	0	0	0	0
OTU_10	52	66	21	40	27	50	70	228	40	131	17	54	352	117	138	60	61	27	34	22	68	167	16	376	150	111	66	237	52	99	194	170	150	17	17	47	58	251	55	46
OTU_100	12	11	5	2	4	1	4	12	12	8	1	9	7	3	12	15	13	5	3	5	1	8	1	9	20	6	3	4	5	6	6	5	10	5	9	3	1	5	3	5
OTU_1000	4	8	15	19	23	0	1	1	0	2	0	0	1	2	1	9	14	20	18	18	0	5	0	1	0	3	2	0	1	1	1	1	0	0	1	1	1	0	1	0
OTU_1001	11	18	14	20	9	0	1	3	1	2	0	1	1	1	3	12	18	21	23	11	1	5	0	4	5	10	9	2	5	20	3	5	4	2	3	5	4	0	8	6
OTU_1002	0	0	0	0	1	0	0	0	0	0	0	0	0	1	0	4	0	1	0	1	0	0	0	0	0	0	0	0	0	0	1	0	0	0	0	0	0	0	0	0
OTU_1003	2	0	2	1	1	0	0	0	0	0	0	0	0	0	0	1	0	1	2	1	0	0	0	0	0	1	0	0	0	0	0	0	0	0	0	0	0	0	0	0
OTU_1004	0	0	0	0	0	0	0	0	1	0	0	0	0	0	0	0	0	0	0	0	0	0	0	0	0	0	0	0	0	0	0	0	0	0	0	0	0	0	0	0
OTU_1005	3	6	8	3	8	0	0	0	0	0	0	0	0	0	0	5	4	4	8	5	0	2	0	0	0	0	0	0	0	0	0	0	0	0	0	0	0	0	0	0
OTU_1006	1	0	0	0	1	0	0	0	0	0	0	0	0	0	0	2	0	0	0	0	0	0	0	0	0	1	0	2	0	0	3	1	0	0	0	0	1	1	0	0
OTU_1007	0	0	0	0	0	0	1	0	0	0	0	0	0	0	0	0	0	0	0	0	0	0	0	0	0	1	1	0	0	8	0	0	0	0	1	1	1	0	0	0
OTU_1008	1	2	1	1	2	0	0	0	0	0	0	0	0	0	0	0	1	2	1	1	0	0	0	0	0	0	0	0	0	0	0	0	0	0	0	0	0	0	0	0
OTU_1009	15	14	24	18	17	0	0	2	1	1	0	0	2	1	0	22	12	29	32	20	0	1	0	1	0	8	6	2	2	13	0	3	2	2	1	3	3	1	2	9
OTU_101	26	29	16	10	15	1	26	21	51	7	11	25	6	14	22	27	30	10	12	12	1	10	11	10	37	8	17	13	7	12	4	5	7	2	15	3	10	4	5	10
OTU_1010	1	0	2	6	4	0	0	0	0	0	0	0	0	0	0	0	4	4	8	4	0	0	0	0	0	1	2	0	1	1	0	1	0	0	0	0	0	0	1	0
OTU_1011	8	1	2	3	3	0	0	0	0	0	0	0	0	0	0	3	1	5	5	2	0	0	0	1	0	0	0	0	0	0	0	0	0	0	0	0	0	0	0	0
OTU_1012	2	2	2	2	0	0	0	0	0	0	0	0	0	0	0	3	5	1	1	1	0	0	0	0	0	0	0	0	0	0	0	0	0	0	0	0	0	0	0	0
OTU_1013	15	12	13	13	9	0	5	1	0	2	0	1	2	2	0	15	13	12	14	14	0	2	1	2	1	14	6	34	28	1	8	9	32	2	2	3	4	19	24	1
OTU_1014	1	0	0	0	0	0	1	1	0	0	0	0	0	0	0	1	0	0	0	0	0	0	0	0	1	0	2	0	1	4	1	0	1	1	0	1	1	1	1	1
OTU_1015	0	0	0	0	0	0	2	0	0	0	0	0	0	0	0	1	1	1	0	0	0	0	0	0	0	3	0	12	0	0	2	2	2	0	0	0	1	11	0	0
OTU_1016	0	0	1	0	0	0	0	0	0	0	0	0	0	1	1	0	0	1	0	0	0	0	0	0	1	2	2	1	4	10	0	0	2	0	1	1	1	0	3	6
OTU_1017	4	1	4	3	5	0	0	3	0	1	3	0	3	3	1	6	2	3	2	2	0	2	2	1	0	1	1	1	0	0	0	1	0	0	1	0	0	0	0	0
OTU_1018	2	0	1	3	0	0	0	0	0	0	0	0	0	0	0	1	1	1	0	1	0	0	0	0	0	1	1	0	0	2	0	0	0	0	0	0	0	0	0	0
OTU_102	0	0	0	0	0	5	13	8	2	2	1	1	6	3	11	0	0	0	0	0	7	3	1	11	19	18	0	16	2	1	20	8	6	5	1	0	0	9	1	1
OTU_1020	0	0	0	0	0	0	0	0	0	0	0	0	1	0	0	0	0	0	0	0	0	0	0	0	0	0	0	1	0	4	0	0	0	0	1	0	0	0	0	0
OTU_1021	2	1	0	1	1	0	0	0	0	1	0	0	0	0	0	1	1	0	1	0	0	0	0	1	0	2	2	1	0	0	0	0	0	0	0	0	0	0	0	0
OTU_1022	12	14	8	6	5	0	1	1	0	3	0	1	4	2	2	13	18	7	5	10	0	4	0	6	2	19	4	6	1	3	4	12	1	0	1	2	2	5	0	1
OTU_1024	0	0	0	0	0	0	0	0	0	0	0	0	0	0	0	0	0	0	0	0	0	1	0	1	1	0	1	0	0	2	0	0	0	0	0	0	0	0	0	0
OTU_1025	1	0	0	1	0	0	0	0	0	0	0	0	0	0	0	0	0	0	0	0	0	0	0	0	0	1	2	1	0	1	1	1	1	0	0	0	1	1	1	0
OTU_1026	1	2	4	2	4	0	0	0	0	0	0	0	0	0	0	1	2	2	2	3	0	0	0	0	0	0	0	0	0	0	1	0	0	0	0	0	0	0	0	0
OTU_1027	1	3	5	4	4	0	1	0	0	0	0	0	0	1	0	3	2	3	2	5	0	0	0	0	0	0	0	0	0	0	0	0	0	0	0	0	0	0	0	0
OTU_1028	0	0	0	0	0	0	0	0	0	1	0	0	0	0	0	0	0	0	0	0	0	0	0	0	0	0	0	0	0	2	0	0	0	0	0	0	0	0	1	0
OTU_1029	7	2	4	5	2	0	0	0	0	0	0	0	0	2	1	2	2	3	6	3	0	0	0	0	2	1	1	1	0	4	0	1	0	0	0	0	0	1	0	0
OTU_103	19	17	21	16	21	2	9	12	4	17	1	5	58	16	10	22	18	24	20	18	5	30	2	94	15	46	40	115	45	26	54	27	56	10	7	17	13	75	31	10
OTU_1030	4	1	3	5	4	0	0	0	0	0	0	0	0	0	0	8	3	2	5	2	0	1	0	0	0	1	0	0	0	1	0	0	0	0	0	0	0	0	0	1
OTU_1031	2	0	0	1	0	0	0	1	0	0	0	0	0	0	1	3	0	1	0	2	0	1	0	1	0	0	2	0	0	1	0	0	0	1	0	0	2	0	0	0
OTU_1032	1	0	0	0	0	0	0	0	0	0	0	0	0	0	0	1	1	0	0	0	0	0	0	0	0	0	0	1	0	0	0	0	0	0	0	0	0	1	0	0
OTU_1035	4	5	3	6	2	0	0	0	0	0	0	0	0	0	0	3	3	5	3	6	0	1	0	1	1	0	0	0	0	0	0	0	0	0	0	0	0	0	0	0
OTU_1036	1	0	2	1	0	0	0	0	0	0	0	0	0	0	0	1	0	2	1	0	0	1	0	1	0	0	0	0	0	0	1	0	0	0	0	0	0	0	0	0
OTU_1037	4	3	5	3	2	0	0	0	0	0	0	0	0	0	0	3	1	1	2	5	0	0	0	0	0	0	0	0	0	0	0	0	0	0	0	0	0	0	0	0
OTU_1038	1	0	0	1	0	0	0	0	0	0	0	0	0	0	0	2	1	0	0	0	0	0	0	1	0	1	1	1	0	0	1	1	1	0	1	1	2	1	0	1
OTU_1039	2	1	0	3	1	0	0	0	0	0	0	0	0	0	0	3	1	2	4	2	0	0	0	1	0	0	0	0	0	0	0	0	0	0	0	0	0	0	0	0
OTU_104	1	0	0	0	0	0	9	11	3	10	1	1	5	5	4	2	0	0	0	0	0	15	2	7	6	29	8	5	20	18	43	22	14	1	2	9	6	4	20	8
OTU_1040	1	1	3	0	0	0	0	0	0	0	0	0	0	0	0	2	1	2	1	1	0	0	0	0	0	0	2	0	0	1	0	0	0	0	0	0	1	0	0	0
OTU_1042	8	3	6	3	6	0	0	0	0	0	0	0	0	0	0	8	8	9	7	6	0	1	0	0	0	1	0	0	0	0	0	1	0	0	0	0	0	0	0	0
OTU_1043	0	0	0	0	0	0	0	0	0	0	0	0	0	0	0	0	0	0	0	0	0	0	0	0	0	0	0	0	1	0	0	1	0	0	0	0	0	0	0	0
OTU_1044	2	0	0	1	0	0	0	1	0	1	0	0	0	0	2	0	0	0	0	0	0	2	0	0	3	0	0	0	0	3	1	0	0	0	0	0	0	0	0	1
OTU_1045	5	0	4	0	0	0	0	0	0	0	0	0	0	0	0	3	1	4	2	1	0	0	0	0	0	2	3	1	0	0	0	2	0	0	0	0	3	0	0	0
OTU_1046	0	0	1	1	5	0	0	0	0	0	0	0	0	0	0	0	1	1	2	5	0	0	0	0	0	0	0	0	0	0	0	0	0	0	0	0	0	0	0	0
OTU_1048	7	1	0	1	1	0	0	0	0	0	0	0	0	0	0	6	3	1	1	0	0	0	0	0	1	0	0	0	0	0	0	0	0	0	0	0	0	1	0	0
OTU_1049	1	2	2	2	2	0	0	0	0	0	0	0	0	0	0	1	3	3	4	3	0	0	0	0	0	0	0	0	0	0	0	0	0	0	0	0	0	0	0	0
OTU_105	61	72	35	53	39	2	11	22	18	15	2	58	24	6	16	50	67	45	57	30	1	13	3	19	13	15	23	16	2	26	16	22	7	6	11	9	23	20	4	10
OTU_1050	0	1	2	9	1	0	0	0	0	0	0	0	0	0	0	2	1	1	8	2	0	0	0	0	0	0	0	0	0	0	0	1	0	0	0	0	0	0	0	0
OTU_1054	1	0	1	1	1	0	0	0	0	0	0	0	0	0	0	0	0	1	0	2	0	0	0	0	0	0	0	0	0	0	0	0	0	0	0	4	0	0	0	0
OTU_1055	5	2	5	0	0	0	0	0	0	0	0	0	0	1	0	6	2	3	1	4	0	0	0	0	0	1	0	0	0	0	1	0	0	0	0	0	1	0	0	0
OTU_1056	1	4	3	5	3	0	0	0	0	0	0	0	0	0	0	2	6	6	4	5	0	0	0	0	0	0	0	0	0	0	0	0	0	0	0	0	0	0	0	0
OTU_1057	0	0	0	0	0	0	0	0	0	0	0	0	0	0	0	0	0	0	0	0	0	1	0	0	0	1	0	0	0	0	0	1	0	0	0	0	0	0	0	0
OTU_1058	2	0	1	1	1	0	2	0	0	0	0	0	0	0	0	3	0	1	1	1	0	0	0	0	0	0	0	0	0	0	0	0	0	0	0	0	0	0	0	0
OTU_1059	1	0	0	0	0	0	0	0	0	0	0	1	0	0	0	0	0	0	0	0	0	0	0	1	0	0	0	0	0	1	0	0	0	0	0	0	0	0	0	0
OTU_106	37	83	97	111	87	1	2	8	3	7	1	1	6	3	4	37	73	82	92	59	1	6	0	5	4	7	9	2	3	14	4	11	2	3	5	6	10	3	5	7
OTU_1060	2	0	0	0	0	0	0	0	0	0	0	0	0	0	0	0	0	0	1	0	0	0	0	0	1	0	0	1	0	0	0	0	0	0	0	0	0	0	0	0
OTU_1061	3	8	13	11	3	0	0	0	0	0	0	0	0	1	0	10	5	9	8	19	0	2	0	0	0	0	0	0	0	0	0	0	0	0	0	0	0	0	0	0
OTU_1062	7	4	3	3	1	0	0	0	0	0	0	0	0	0	0	2	5	3	1	3	0	0	0	0	0	0	0	0	0	0	0	0	0	0	0	0	0	0	0	0
OTU_1063	0	1	0	0	0	0	0	0	0	0	0	0	0	0	0	0	2	0	0	1	0	0	0	0	0	1	0	0	0	0	1	0	0	0	0	0	0	0	0	0
OTU_1064	1	0	0	0	0	0	1	0	0	0	0	0	0	0	0	0	1	0	0	0	0	0	0	0	0	0	1	0	0	2	1	1	0	0	0	0	1	0	0	1
OTU_1065	4	2	9	2	5	0	0	0	0	0	0	0	1	0	1	6	4	6	3	4	0	0	0	0	0	0	0	1	0	0	0	0	0	0	0	0	0	0	0	0
OTU_1066	1	1	3	4	3	0	0	0	0	0	0	0	0	0	0	2	2	2	5	5	0	1	0	0	0	0	0	0	0	0	0	0	0	0	0	0	1	0	0	0
OTU_1068	0	0	0	0	0	0	0	0	0	0	0	0	0	0	0	0	0	0	0	0	0	0	0	0	0	0	0	0	0	8	0	0	0	0	0	0	0	0	0	2
OTU_1069	5	0	0	1	1	0	0	0	0	0	0	0	0	0	0	3	0	1	0	3	0	0	0	0	0	0	0	1	0	0	0	0	0	0	0	0	0	0	0	0
OTU_107	10	8	4	12	2	0	7	15	33	9	1	5	6	2	83	7	10	2	20	3	0	13	0	6	65	3	2	1	0	1	1	4	1	0	0	1	3	1	1	1
OTU_1070	11	13	14	15	3	0	0	0	0	0	0	0	1	1	1	18	4	7	2	17	0	2	0	1	0	1	0	0	0	0	2	0	0	0	0	1	1	1	0	0
OTU_1071	1	1	1	0	0	0	0	0	0	0	0	0	0	0	0	2	1	1	2	2	0	0	0	0	0	0	0	0	0	0	0	0	0	0	0	0	0	0	0	0
OTU_1073	0	0	0	0	0	0	0	0	0	0	0	0	0	0	0	0	0	0	0	0	0	0	0	0	0	2	0	0	0	0	0	2	0	0	0	0	0	0	0	0
OTU_1074	0	0	0	0	0	0	0	0	1	0	0	0	0	0	0	0	0	0	0	0	0	0	0	0	0	0	0	0	0	0	0	0	0	0	0	0	0	0	0	0
OTU_1075	1	1	0	1	0	0	0	0	0	0	0	0	0	0	0	1	2	0	0	0	0	0	0	1	0	0	0	0	0	1	0	0	0	0	0	0	0	0	0	0
OTU_1076	1	1	0	1	2	0	0	0	0	0	0	0	0	0	0	3	2	2	1	3	0	0	0	0	0	0	0	0	0	0	0	0	0	0	0	0	0	0	0	0
OTU_1077	4	8	10	9	5	0	1	1	1	1	0	0	1	1	1	10	12	12	12	11	0	2	0	2	1	2	0	0	2	1	0	0	0	1	0	1	1	1	0	1
OTU_1078	3	4	7	7	5	0	0	1	0	0	0	0	0	0	0	2	4	2	5	5	0	0	0	1	0	1	3	1	1	0	0	1	0	0	0	1	1	1	1	0
OTU_1079	0	0	0	0	0	0	0	0	0	0	0	0	0	0	0	0	0	0	0	0	0	0	0	0	0	0	0	0	0	2	0	0	0	0	0	0	0	0	0	0
OTU_108	124	92	150	108	179	1	3	5	1	8	1	1	5	11	4	137	125	157	114	176	1	15	1	11	7	10	9	9	5	8	7	4	2	1	1	2	3	4	2	1
OTU_1080	0	0	6	4	2	0	0	0	0	0	0	0	0	0	0	0	1	5	4	2	0	0	0	0	0	0	0	0	0	0	0	0	0	0	0	0	0	0	0	0
OTU_1081	2	1	1	3	1	0	3	0	0	0	0	0	0	0	0	3	1	1	2	4	0	0	0	0	0	1	1	0	0	0	0	0	1	0	0	0	0	0	0	0
OTU_1082	1	2	3	2	2	0	0	0	0	0	0	0	0	0	0	0	0	2	0	3	0	0	0	0	0	0	0	0	0	0	0	0	0	0	0	0	0	0	0	0
OTU_1083	0	0	0	0	0	0	0	0	0	0	0	0	0	0	0	0	0	0	0	0	0	0	0	0	0	0	0	0	0	3	0	0	0	0	0	0	0	0	0	3
OTU_1084	4	6	2	5	2	0	0	0	0	0	0	0	0	0	0	5	4	1	5	2	0	1	0	0	0	0	5	1	1	0	1	0	0	0	0	0	0	0	0	0
OTU_1085	1	1	1	1	0	0	0	0	0	0	0	0	0	0	0	0	0	0	0	1	0	0	0	0	0	0	0	0	1	1	0	0	0	0	0	1	1	0	0	1
OTU_1086	2	0	0	1	0	0	0	0	0	0	0	0	0	0	0	1	0	0	2	1	0	0	0	0	0	0	0	0	0	3	0	0	0	0	1	0	0	0	0	0
OTU_1088	0	0	0	1	0	0	0	0	0	0	0	0	0	0	0	1	0	0	1	0	0	0	0	0	0	2	0	1	0	0	0	1	0	0	0	0	0	1	0	0
OTU_109	22	25	24	32	23	3	34	55	12	32	6	13	95	51	33	19	24	29	28	22	5	35	5	91	27	67	57	295	40	85	56	125	55	57	50	54	82	362	48	48
OTU_1091	1	0	0	0	0	0	0	0	0	0	0	0	0	0	0	0	0	0	0	0	0	0	0	0	0	0	0	1	0	0	0	0	1	0	0	0	0	1	0	0
OTU_1093	0	0	0	0	0	0	0	0	0	0	0	0	0	0	0	0	0	0	0	0	0	1	0	0	0	0	1	0	0	2	0	0	0	0	0	0	0	0	0	0
OTU_1097	0	0	0	0	0	0	0	0	0	0	0	0	0	0	0	0	0	0	0	0	0	0	0	0	0	0	1	0	0	0	0	0	0	0	0	0	0	0	0	1
OTU_1098	5	1	1	2	1	0	0	3	0	2	0	0	1	1	1	5	1	4	0	2	0	3	1	2	2	1	1	1	0	2	4	0	1	0	1	1	0	0	0	0
OTU_11	2	10	0	13	0	16	79	65	61	35	9	12	117	16	26	1	8	3	9	1	22	35	11	101	32	171	84	300	217	133	97	261	174	62	24	59	93	319	223	60
OTU_110	0	2	0	1	0	0	1	0	0	0	0	0	0	0	0	2	0	1	1	1	0	0	0	1	0	4	66	0	29	13	1	10	20	5	6	46	60	0	30	12
OTU_1101	1	0	0	1	0	0	0	0	0	0	0	0	0	0	0	0	0	0	1	0	0	0	0	0	0	1	1	0	0	3	2	1	1	0	1	0	2	0	1	0
OTU_1102	0	0	0	0	0	0	0	2	0	0	0	0	0	0	0	0	0	0	0	0	0	0	0	0	0	0	0	0	0	0	0	0	0	0	0	0	0	0	0	0
OTU_1103	0	0	0	0	0	0	0	0	0	0	0	0	0	0	0	0	0	0	0	0	0	0	0	0	0	0	0	0	1	2	0	0	1	0	1	0	0	0	1	1
OTU_1104	7	5	7	5	7	0	0	0	0	0	0	0	0	2	0	5	6	6	3	6	0	2	0	1	1	0	2	1	0	0	1	0	0	0	0	0	1	1	0	0
OTU_1105	2	1	2	2	0	0	0	0	0	0	0	0	0	0	0	1	1	2	2	1	0	0	0	0	0	0	0	0	0	0	0	0	0	0	0	0	0	0	0	0
OTU_1106	3	7	9	9	13	0	0	0	0	0	0	0	0	0	0	1	7	10	12	31	0	0	0	0	0	0	0	0	0	0	0	0	0	0	0	0	0	0	0	0
OTU_1107	0	0	0	0	0	0	0	0	0	0	0	0	0	0	0	1	0	0	0	0	0	0	0	0	0	1	0	0	0	0	0	0	0	0	0	0	0	0	0	2
OTU_1108	0	0	0	0	0	0	0	0	0	0	0	0	0	1	0	0	0	0	0	0	0	0	0	0	1	0	0	0	0	0	0	0	0	0	0	0	0	0	0	0
OTU_1109	2	0	0	0	0	0	0	0	0	0	0	0	0	0	0	0	0	0	0	0	0	0	0	0	1	0	1	0	0	0	0	0	0	1	0	0	0	0	0	0
OTU_111	3	0	0	7	2	1	12	5	8	5	1	1	1	1	3	2	0	0	8	1	1	10	2	5	1	6	4	11	7	5	3	2	7	32	1	4	2	4	4	3
OTU_1111	1	2	2	2	0	0	0	0	0	0	0	0	0	0	0	2	1	2	0	3	0	1	0	0	0	0	0	2	0	1	0	0	0	0	0	0	1	1	0	0
OTU_1112	0	0	0	0	0	0	0	0	0	0	0	0	0	0	0	0	0	0	0	0	0	0	0	0	0	1	0	0	0	1	0	1	0	1	0	0	0	0	0	0
OTU_1116	1	1	0	1	0	0	0	1	0	0	0	0	4	0	0	1	0	1	1	0	0	1	0	3	0	0	0	0	0	0	1	1	0	0	0	0	0	0	0	0
OTU_1117	1	0	3	1	1	0	0	0	0	1	0	0	0	0	0	1	0	2	2	0	0	0	0	0	0	0	3	0	0	2	0	0	0	0	0	0	1	0	0	1
OTU_1118	2	5	2	4	1	0	0	0	0	0	0	1	0	0	0	1	1	2	2	1	0	0	0	0	0	0	1	0	0	3	0	0	0	0	0	1	1	0	0	0
OTU_1119	1	4	2	2	4	0	0	0	0	0	0	0	0	0	1	2	4	3	2	3	0	0	0	0	0	1	0	0	0	0	0	0	0	0	0	0	0	0	0	0
OTU_112	44	42	33	69	60	4	14	64	18	61	5	9	58	24	23	59	48	52	63	57	3	76	4	47	26	21	37	32	28	30	57	34	20	15	14	27	45	36	38	18
OTU_1120	2	2	6	2	9	0	0	0	0	1	0	0	0	0	0	6	2	3	5	7	0	0	0	1	0	0	0	0	0	0	0	0	0	0	0	0	0	0	0	0
OTU_1121	1	1	1	2	0	0	0	0	0	0	0	0	0	0	0	2	2	1	2	1	0	0	0	0	0	0	0	1	0	0	0	0	0	0	0	0	0	1	0	0
OTU_1122	1	0	1	1	1	0	0	0	0	1	0	0	0	0	0	0	1	0	1	2	0	0	0	0	0	0	0	0	0	0	0	0	0	0	0	0	0	0	0	0
OTU_1124	1	4	3	5	5	0	0	0	0	0	0	0	0	0	0	1	4	4	3	3	0	0	0	0	0	1	0	0	0	0	0	0	0	0	0	0	0	0	0	0
OTU_1125	6	4	7	5	6	0	0	0	0	0	0	0	0	0	0	5	4	4	7	4	0	0	0	0	0	0	1	0	0	0	0	0	0	0	0	0	0	0	0	0
OTU_1126	2	1	5	1	1	0	0	0	0	0	0	0	0	0	0	2	2	4	3	2	0	0	0	0	1	0	0	0	1	0	0	0	0	0	1	0	0	0	0	0
OTU_1127	0	0	0	0	0	0	0	0	0	0	0	0	0	0	0	0	0	0	0	0	0	0	0	0	0	0	0	0	0	0	0	0	0	0	0	0	1	1	0	0
OTU_1128	2	0	1	1	2	0	0	0	0	0	0	0	1	0	0	1	2	0	2	1	0	0	0	0	0	1	0	1	0	0	0	0	0	0	0	0	0	0	0	0
OTU_1129	2	2	2	1	0	0	0	0	0	0	0	0	0	1	0	1	1	2	1	0	0	0	0	0	0	0	0	0	0	0	0	0	0	0	0	0	0	0	0	0
OTU_113	0	2	0	2	0	0	2	4	7	6	0	1	1	2	10	0	0	0	2	2	0	27	0	2	13	10	5	1	14	5	1	3	27	0	1	6	5	1	8	2
OTU_1131	21	15	33	14	37	0	2	1	1	2	0	0	1	1	1	24	12	40	25	38	0	0	0	1	1	1	1	0	1	2	1	2	0	1	0	0	2	0	0	0
OTU_1132	1	0	1	1	1	0	0	0	0	0	0	0	0	0	0	1	1	1	1	2	0	0	0	0	0	1	2	0	0	0	0	0	0	1	0	1	1	0	0	1
OTU_1133	1	0	0	0	0	0	1	0	0	0	0	0	0	0	0	0	0	0	0	0	0	0	0	0	0	0	0	0	0	0	0	0	0	0	1	0	0	0	0	1
OTU_1134	0	0	0	0	0	0	0	0	0	0	0	0	0	0	0	0	0	0	0	0	0	0	0	0	0	0	0	3	0	0	0	0	0	0	0	0	0	1	0	0
OTU_1135	0	0	0	1	0	0	0	0	0	0	0	0	0	0	0	0	0	0	0	0	0	0	0	0	0	0	0	0	0	0	1	0	1	0	0	0	0	1	0	0
OTU_1136	1	0	2	1	0	0	0	0	0	0	0	0	0	1	0	0	1	1	2	1	0	0	0	1	0	0	2	1	0	0	0	0	0	0	0	0	0	0	1	0
OTU_114	7	0	1	3	0	1	2	21	5	4	0	0	19	3	5	4	1	1	2	1	0	5	2	16	3	18	7	9	53	15	5	20	20	4	2	3	6	6	52	3
OTU_115	2	0	0	0	1	0	1	1	2	3	1	0	3	9	1	0	2	0	0	0	0	6	1	4	1	48	2	20	0	2	11	34	14	0	0	0	1	14	0	0
OTU_116	2	6	1	1	3	1	34	7	26	15	1	38	10	9	24	2	5	1	4	1	1	14	2	13	28	2	6	4	5	8	3	2	7	3	40	3	4	5	7	5
OTU_117	118	144	151	115	156	3	10	12	7	19	2	3	10	20	16	125	134	159	150	167	4	29	2	16	31	19	25	16	3	11	12	10	3	6	2	6	11	8	6	4
OTU_118	4	11	7	12	6	0	2	15	4	9	1	1	6	2	7	9	11	9	11	8	0	9	1	4	4	9	27	3	6	24	8	15	4	5	17	12	44	5	7	15
OTU_119	6	5	8	8	8	1	5	8	8	6	2	7	10	6	10	9	10	6	8	8	2	10	1	14	17	10	26	8	8	35	6	4	11	4	7	7	14	5	8	10
OTU_12	18	57	14	11	14	7	87	59	154	138	13	227	50	48	164	13	75	14	21	7	6	135	25	65	276	76	258	13	158	306	46	13	73	18	35	47	94	5	125	122
OTU_120	0	0	0	0	0	0	3	4	1	2	0	1	10	6	1	0	0	0	0	0	1	2	1	9	1	6	2	11	5	1	17	4	12	1	3	0	2	13	4	1
OTU_121	39	70	10	10	13	1	11	27	10	8	2	12	14	11	44	32	71	7	9	8	1	9	1	13	36	6	10	2	3	6	9	8	3	5	3	7	15	3	3	4
OTU_122	3	3	4	29	0	0	7	1	3	2	0	1	2	1	1	4	4	4	29	1	0	6	1	3	1	1	1	6	1	4	43	1	3	1	0	1	0	3	2	0
OTU_123	29	31	38	31	37	1	11	9	5	9	1	4	9	13	9	33	33	39	42	39	1	13	1	9	16	11	20	12	7	7	6	9	6	5	10	8	10	7	6	7
OTU_124	2	9	2	5	2	1	17	12	31	12	1	13	7	4	32	3	14	1	6	1	0	14	0	7	36	6	18	0	35	36	6	4	19	12	46	42	10	1	31	26
OTU_125	6	15	16	18	11	0	2	9	1	3	0	0	7	3	3	7	15	14	18	13	0	7	1	17	4	18	14	3	37	9	6	5	9	3	3	7	6	1	24	6
OTU_126	35	84	107	70	68	1	3	2	2	7	1	1	3	4	6	33	80	76	75	71	0	8	1	7	7	12	27	3	17	12	5	6	5	4	1	14	11	1	9	8
OTU_127	38	59	73	56	80	1	7	6	4	10	1	1	6	14	4	58	65	82	82	101	1	14	2	4	3	16	15	5	5	8	9	9	3	3	2	7	10	6	3	6
OTU_128	31	20	18	19	20	1	8	17	5	11	1	1	15	6	7	26	27	16	19	14	0	9	2	14	5	46	17	39	4	12	29	75	9	2	4	7	15	43	5	10
OTU_13	18	13	10	16	10	32	41	85	64	77	10	140	261	92	54	21	18	16	15	6	33	95	12	329	72	94	66	171	52	67	118	66	139	63	14	40	34	130	48	25
OTU_131	6	10	6	14	3	0	4	4	7	8	0	1	3	2	6	5	9	7	14	5	2	7	0	6	12	12	7	10	6	8	11	8	9	9	4	12	7	8	11	8
OTU_132	67	20	32	16	43	1	6	3	4	7	1	2	6	11	6	70	14	42	28	55	1	6	0	4	6	7	2	5	3	2	4	8	3	1	1	1	2	6	1	5
OTU_133	193	254	339	315	251	3	13	30	20	46	1	8	23	11	28	239	250	376	257	222	5	55	3	21	26	30	78	25	21	75	22	36	11	15	19	47	75	21	27	33
OTU_134	18	10	16	11	44	1	11	6	2	7	1	1	12	6	6	27	14	17	13	46	0	6	0	11	7	59	51	12	15	12	20	40	14	9	14	12	28	6	19	10
OTU_135	59	88	103	99	123	2	5	8	3	13	1	3	7	9	7	69	93	113	139	152	1	15	2	9	8	17	18	9	3	4	12	11	3	2	3	7	14	7	4	5
OTU_136	3	3	1	2	2	1	6	13	5	3	1	26	4	5	6	1	4	3	1	2	1	3	1	2	12	1	0	3	1	0	10	1	0	0	2	0	1	0	0	0
OTU_138	104	136	75	65	75	0	2	3	1	2	1	0	4	2	1	95	109	72	62	80	1	6	0	2	2	12	2	7	2	2	5	5	1	2	2	1	1	4	1	2
OTU_139	0	0	1	1	0	10	0	10	1	1	0	1	9	5	4	0	1	0	0	0	12	0	0	6	3	0	0	1	0	0	1	1	0	0	0	1	0	2	0	0
OTU_14	3	7	0	3	0	5	107	57	18	53	13	106	112	34	38	2	3	1	3	1	3	68	11	125	42	141	32	360	94	12	108	105	191	9	13	3	12	275	74	7
OTU_140	2	0	0	2	0	0	7	4	5	7	2	5	2	6	14	1	3	0	0	0	0	8	1	2	24	1	8	1	5	18	1	1	3	1	62	13	5	1	8	7
OTU_141	99	51	40	18	36	1	5	3	1	5	1	2	3	8	7	111	49	42	23	41	1	13	1	6	9	15	0	11	0	0	3	7	5	1	0	1	0	7	0	0
OTU_142	3	2	0	3	0	0	3	1	0	1	0	0	3	2	1	2	2	2	3	3	0	2	0	3	1	4	2	21	3	3	12	2	12	1	2	1	1	11	3	1
OTU_143	59	80	83	129	142	1	2	10	2	6	1	1	6	1	4	59	61	98	98	100	1	4	0	5	2	6	5	3	2	5	6	8	2	1	2	3	4	4	4	2
OTU_144	5	5	0	4	1	0	2	1	1	1	0	21	0	1	1	5	4	1	3	0	0	0	0	0	1	5	13	1	1	25	3	3	3	8	4	11	8	0	1	13
OTU_145	6	6	0	3	1	2	9	13	7	18	0	9	17	1	19	2	4	0	4	2	1	18	1	16	18	28	4	1	38	9	2	40	21	6	17	4	3	1	40	7
OTU_146	0	1	0	2	2	4	13	6	12	15	1	4	9	8	5	0	0	0	1	1	2	19	2	12	7	1	4	1	42	42	3	1	25	3	4	10	2	1	33	21
OTU_147	0	1	0	0	2	1	8	6	2	2	1	2	10	9	3	0	0	0	0	3	1	6	1	8	2	8	0	10	25	1	14	13	23	2	9	6	2	12	16	1
OTU_148	0	0	1	3	0	0	2	4	1	9	1	0	1	1	1	0	0	0	2	1	0	23	0	1	0	3	2	1	4	3	0	4	9	2	4	5	2	1	4	2
OTU_149	3	1	0	0	0	0	5	7	2	11	1	2	5	7	6	2	2	0	0	1	1	21	1	4	4	1	1	1	0	3	4	2	4	0	0	1	1	3	1	1
OTU_15	26	28	19	28	13	1	22	38	16	15	6	475	33	6	13	29	33	14	23	14	2	17	5	26	16	39	65	21	4	78	23	65	14	11	25	31	78	29	5	48
OTU_150	9	10	9	9	7	0	1	2	0	4	0	0	4	4	1	9	8	14	8	7	0	3	0	4	4	16	39	7	7	5	15	11	4	3	3	5	22	5	5	2
OTU_151	1	0	0	1	0	0	5	2	9	12	1	25	1	3	8	0	1	0	0	0	0	15	0	2	11	0	0	1	2	1	1	0	3	1	1	1	0	2	3	1
OTU_152	24	27	29	44	50	1	1	2	0	3	0	0	2	1	0	21	31	45	49	38	1	4	0	2	1	2	2	1	0	2	2	4	0	0	1	1	3	2	0	1
OTU_153	7	12	4	3	4	0	2	5	0	4	1	0	3	3	1	8	6	7	4	6	0	3	1	2	3	8	2	6	1	0	3	11	1	0	0	1	1	9	1	0
OTU_154	27	21	30	27	35	0	5	5	2	6	1	1	7	8	4	26	24	37	36	35	1	11	0	10	5	11	3	4	9	12	4	7	6	2	2	6	4	1	5	3
OTU_155	4	2	4	2	5	0	2	15	0	4	0	0	6	2	2	4	2	3	1	1	0	3	0	7	6	12	6	3	3	4	3	8	3	5	3	4	4	3	3	3
OTU_156	0	0	0	0	0	0	4	2	2	1	10	1	2	1	2	1	1	0	0	0	0	0	7	2	3	2	0	0	7	1	0	1	106	0	52	3	1	0	6	2
OTU_157	11	12	3	2	5	0	1	1	1	1	0	1	1	1	1	10	8	3	4	5	0	1	0	0	1	29	0	5	0	0	3	40	1	0	0	0	0	5	0	0
OTU_158	2	17	4	8	4	1	2	14	4	2	1	1	6	2	21	2	17	4	5	3	0	3	0	3	13	1	0	0	4	5	1	2	0	0	0	3	1	0	6	2
OTU_159	23	12	20	16	26	0	3	2	2	4	1	1	2	2	3	21	12	20	22	24	1	7	0	3	2	7	13	4	6	11	3	5	3	3	4	11	9	2	4	4
OTU_16	5	22	3	6	3	11	76	58	235	124	29	84	25	86	228	8	25	3	1	2	14	161	34	34	368	10	48	4	118	67	5	10	49	482	66	9	32	1	97	39
OTU_160	58	74	132	113	140	1	5	2	4	4	1	1	5	6	3	61	71	145	139	131	1	10	1	7	4	18	8	4	0	7	7	7	1	3	1	5	3	3	1	3
OTU_161	0	0	0	0	0	1	2	0	0	2	1	0	1	2	2	0	0	0	0	0	4	5	9	0	5	2	15	9	0	26	3	0	0	5	2	3	1	1	0	2
OTU_162	3	1	1	1	0	0	3	1	0	1	0	1	0	0	0	3	0	1	1	1	0	1	0	0	2	1	31	0	6	2	0	1	5	1	31	0	17	0	6	1
OTU_163	18	11	10	13	20	0	3	7	2	3	0	0	3	2	4	9	12	12	7	8	0	2	0	2	2	6	8	3	2	7	3	9	1	2	1	3	7	4	1	4
OTU_164	40	75	115	129	104	1	1	3	1	5	0	0	1	1	2	33	97	114	111	90	1	4	1	2	2	1	2	1	0	7	5	5	1	2	1	2	7	2	2	1
OTU_165	6	1	4	2	2	2	2	41	0	1	0	0	2	1	2	3	1	4	1	1	3	0	0	2	4	8	1	1	8	5	1	9	46	0	11	11	2	1	8	4
OTU_167	26	34	49	39	54	0	1	1	0	1	0	1	1	1	1	25	37	46	40	64	0	4	0	2	1	1	0	2	1	1	1	1	1	0	0	2	1	1	0	1
OTU_168	4	4	0	0	0	0	1	1	0	1	0	12	8	2	0	3	8	0	2	1	0	0	1	8	2	1	1	1	0	5	3	1	1	0	5	1	2	1	0	1
OTU_169	0	0	0	0	0	0	0	0	0	0	0	0	0	0	0	0	0	0	0	0	0	0	0	0	0	3	3	0	3	3	0	2	2	1	1	35	1	0	4	1
OTU_17	15	25	3	8	7	5	28	89	31	51	7	9	112	49	35	15	23	5	6	5	6	47	7	102	33	99	58	158	24	45	186	164	41	10	43	22	49	162	26	20
OTU_170	7	6	5	2	1	0	10	3	6	3	1	5	3	10	5	6	4	3	5	3	0	2	0	3	4	39	1	7	0	1	19	30	5	1	0	1	2	6	1	3
OTU_171	7	19	13	7	3	1	8	7	4	9	2	10	27	21	1	9	18	7	11	3	1	13	4	40	3	72	16	7	49	51	20	33	50	1	2	3	7	5	37	18
OTU_172	12	22	16	41	26	0	1	2	0	1	0	1	2	1	1	13	26	21	33	25	0	2	1	2	2	5	3	1	0	3	1	3	0	1	0	2	2	0	0	0
OTU_173	3	3	5	4	2	0	3	2	1	2	0	0	1	2	1	2	1	6	6	6	0	2	1	3	1	3	2	9	2	1	3	2	5	1	2	2	0	8	3	3
OTU_174	23	64	24	14	21	0	4	0	1	3	0	0	0	1	1	17	52	24	19	24	0	3	0	0	4	38	0	3	0	0	3	22	2	0	0	0	0	2	0	1
OTU_175	50	27	36	33	40	0	5	6	3	7	1	1	6	11	4	44	30	46	46	53	0	7	0	10	6	8	9	8	4	14	5	8	7	4	9	5	4	4	4	3
OTU_176	15	5	14	11	14	2	5	6	2	8	1	1	5	8	5	27	11	16	13	23	1	9	1	8	9	5	4	7	5	4	5	4	6	2	2	4	3	6	4	2
OTU_177	36	31	27	34	38	1	8	7	4	7	1	11	8	14	6	49	23	28	43	34	1	10	1	7	9	7	8	9	2	2	6	6	4	2	2	4	3	7	2	1
OTU_178	6	7	4	6	3	0	1	10	0	2	0	0	4	2	1	10	5	2	6	5	1	6	0	4	2	6	12	5	8	8	6	6	6	2	4	9	5	4	5	2
OTU_179	10	11	22	13	17	1	1	4	2	4	1	1	4	5	3	15	18	21	14	19	1	6	0	2	3	2	1	4	0	4	3	1	3	0	2	1	1	6	1	4
OTU_18	2	3	0	0	0	4	125	13	63	41	56	61	448	37	4	0	5	0	0	0	3	33	57	255	4	3	0	19	62	0	3	2	173	1	2	0	1	19	64	1
OTU_180	8	5	5	20	5	0	0	6	2	4	0	1	5	3	3	14	8	4	18	6	1	1	1	2	1	2	1	2	0	4	6	4	1	1	1	1	4	4	0	3
OTU_181	20	27	18	14	16	0	0	1	0	2	0	0	0	0	2	22	25	22	14	13	0	1	0	1	2	33	1	2	0	4	4	42	1	0	0	2	0	3	1	1
OTU_182	1	15	1	1	0	0	1	27	0	4	0	0	0	0	0	0	12	0	1	0	0	2	0	1	0	12	7	0	2	69	3	9	2	1	3	40	6	0	3	38
OTU_183	38	29	25	29	17	1	7	4	2	10	1	1	10	13	5	35	24	24	28	17	2	13	0	14	9	5	5	11	2	5	9	6	5	2	1	6	5	8	1	3
OTU_184	0	0	0	0	0	0	0	0	0	0	0	0	0	0	0	0	0	0	0	0	0	0	0	0	0	0	0	0	14	0	0	0	25	0	0	0	0	0	21	0
OTU_185	12	13	11	11	16	0	2	2	1	2	0	0	3	1	2	8	10	13	12	10	1	6	0	7	3	7	5	0	8	10	2	3	2	1	1	4	3	0	4	2
OTU_186	6	5	3	2	4	0	7	4	4	2	1	3	2	6	3	7	4	3	3	4	0	2	0	5	4	17	1	10	0	1	18	12	3	1	1	1	1	10	1	3
OTU_187	36	38	39	23	68	1	1	1	0	5	0	1	2	3	3	19	39	53	40	31	1	7	0	2	9	9	23	8	4	16	3	1	2	1	1	2	7	2	2	5
OTU_188	4	8	6	7	4	0	3	13	2	7	0	1	6	2	6	3	8	9	4	4	0	10	0	6	6	6	23	4	3	10	6	8	4	3	8	10	25	3	5	7
OTU_19	37	33	15	22	28	20	74	74	58	75	13	43	184	161	53	44	39	27	25	32	14	65	8	193	72	192	56	264	39	62	322	155	146	123	57	22	42	236	39	35
OTU_190	6	1	1	1	3	1	1	6	1	3	1	0	12	17	2	5	2	2	2	3	2	2	1	17	4	1	3	8	0	0	4	1	1	1	0	0	1	5	0	0
OTU_191	7	2	2	4	4	0	1	1	0	1	0	0	0	1	0	6	5	4	3	3	0	2	0	1	1	11	28	0	0	23	1	5	0	1	1	4	15	0	0	9
OTU_192	32	38	57	44	50	0	1	2	2	5	0	0	3	4	2	28	45	51	34	55	1	10	0	4	7	2	4	1	0	2	1	2	0	1	0	1	2	1	1	1
OTU_193	75	37	73	37	70	0	1	1	1	2	0	1	2	2	3	85	53	77	58	79	0	3	0	3	2	5	4	0	0	1	1	1	0	1	0	0	0	1	0	0
OTU_194	3	17	1	2	0	0	3	9	4	9	1	0	6	7	8	2	18	1	2	0	0	15	0	8	10	22	10	2	3	20	6	12	3	2	2	4	4	2	3	12
OTU_195	24	21	36	15	32	0	1	4	1	4	0	0	2	5	1	24	20	28	27	41	0	4	0	3	2	9	11	4	1	4	6	3	1	1	0	3	11	4	0	1
OTU_196	0	0	0	1	0	0	1	18	1	2	0	1	1	2	1	0	0	1	0	0	0	1	0	0	0	1	3	0	2	0	0	1	0	1	1	1	1	1	1	1
OTU_197	7	7	8	5	5	1	2	4	3	6	0	1	3	4	5	5	5	10	8	5	1	9	1	6	4	16	27	15	10	19	12	7	7	7	6	10	11	10	7	8
OTU_198	27	25	41	41	47	1	2	4	2	5	0	0	3	8	2	32	33	46	48	53	1	3	0	4	3	9	2	3	1	5	5	6	2	2	1	1	1	2	0	1
OTU_199	10	26	33	48	30	0	1	1	1	1	0	0	1	0	0	10	24	40	35	26	0	0	0	1	0	2	1	0	1	2	0	3	0	0	0	1	2	0	1	1
OTU_2	531	329	534	234	495	968	2345	570	2108	1687	599	1144	640	405	1912	0	0	0	0	1	0	0	0	0	0	0	0	0	0	0	1095	410	402	2365	2193	3104	2267	1217	581	4785
OTU_20	2	2	2	4	3	23	182	115	95	80	12	266	25	29	141	6	3	2	8	0	26	93	12	31	193	15	43	63	47	93	20	11	79	13	36	28	34	40	49	46
OTU_200	33	24	39	32	39	1	5	5	4	6	0	3	5	11	3	41	20	38	35	37	1	11	1	7	9	5	13	4	2	3	3	4	3	4	2	3	6	2	2	1
OTU_201	0	0	0	0	0	0	0	0	0	0	0	0	0	0	0	0	0	0	0	0	0	0	0	0	0	3	4	6	8	1	0	6	5	4	3	3	2	5	7	1
OTU_202	2	2	1	2	0	0	1	2	13	0	0	7	15	7	1	2	2	0	1	1	0	2	0	14	2	0	1	0	2	1	6	0	1	0	0	0	1	0	1	1
OTU_203	17	17	10	19	13	1	4	17	6	7	1	1	12	7	17	9	18	17	11	14	2	8	1	12	14	5	2	5	3	0	25	11	7	0	2	2	4	8	4	1
OTU_204	4	6	4	2	3	1	4	5	7	6	1	6	7	7	7	6	3	4	2	3	0	8	0	6	6	5	10	4	5	14	5	4	4	3	3	4	8	2	4	6
OTU_205	2	2	8	8	0	2	3	9	91	7	0	9	33	5	11	3	3	12	11	1	1	8	2	42	11	7	77	4	17	54	4	7	17	10	15	32	42	3	18	30
OTU_206	8	26	17	21	7	9	13	26	12	21	4	125	73	34	17	9	28	13	24	4	12	34	3	124	34	15	36	7	91	80	11	11	42	2	7	5	19	8	75	36
OTU_207	84	77	107	73	83	1	3	2	2	3	1	1	4	3	3	103	77	103	63	82	0	5	0	8	2	9	7	7	5	10	4	7	3	3	2	6	8	5	4	3
OTU_208	1	3	6	7	5	7	7	19	17	10	3	6	49	18	20	2	4	4	6	4	10	7	2	46	14	7	34	4	16	9	15	10	7	3	10	17	35	9	18	3
OTU_209	37	41	37	41	33	1	6	11	5	11	1	1	6	4	8	47	44	33	40	33	2	19	1	4	7	60	27	8	12	17	11	76	8	6	7	13	27	8	18	9
OTU_21	6	4	4	4	2	2	21	111	9	28	3	2	104	62	34	9	3	4	6	3	3	41	3	124	48	227	152	124	134	145	95	161	134	24	17	75	95	92	113	72
OTU_210	12	12	4	6	3	0	8	4	4	5	1	3	6	5	7	14	10	7	9	6	0	5	1	5	13	4	11	3	0	4	3	3	2	1	2	1	3	2	1	1
OTU_211	1	4	0	1	0	0	4	5	3	3	1	20	3	5	3	0	3	1	0	0	0	3	0	3	2	2	2	12	1	2	9	2	5	1	1	0	1	11	1	2
OTU_212	1	0	1	1	0	1	4	5	1	6	0	1	4	6	3	0	0	1	0	0	1	5	0	4	4	5	3	5	6	7	12	6	4	2	1	6	3	2	5	2
OTU_213	46	27	17	25	17	0	8	10	5	6	1	3	5	5	5	44	29	20	21	11	0	9	1	5	4	8	24	12	1	2	4	11	4	1	2	2	32	11	2	0
OTU_215	8	3	8	8	4	1	3	4	4	4	1	5	5	7	5	9	8	9	8	6	0	3	0	4	5	3	7	5	4	4	3	2	3	3	4	8	6	1	3	3
OTU_216	12	15	16	18	21	0	0	0	0	1	0	0	0	1	0	6	18	12	21	25	1	4	0	0	1	3	2	0	3	1	2	1	1	0	0	1	1	0	1	0
OTU_218	28	15	15	23	23	0	4	7	2	5	0	1	5	1	4	21	12	18	16	23	0	6	1	4	0	2	2	4	4	3	3	6	3	3	5	3	6	4	3	1
OTU_219	8	3	6	5	4	0	2	3	2	2	0	0	3	4	0	4	6	3	4	7	0	3	0	6	3	2	0	3	0	0	1	2	0	0	0	0	0	0	0	1
OTU_22	7	3	0	3	3	23	151	85	267	130	44	113	123	91	119	7	6	1	2	3	15	119	33	129	145	43	58	29	97	71	36	29	75	51	61	23	53	23	95	32
OTU_220	24	21	7	9	8	0	6	5	12	7	2	3	6	4	13	25	16	7	12	11	0	6	0	8	13	7	6	15	0	4	6	4	4	2	3	1	3	9	1	5
OTU_221	6	5	7	5	6	1	1	6	2	3	0	1	11	6	3	3	7	7	9	7	2	6	0	7	7	2	8	0	0	4	2	2	1	2	2	2	3	0	0	1
OTU_222	2	2	1	1	0	0	3	3	0	3	1	0	0	1	3	2	1	1	0	1	0	3	1	1	3	0	0	1	1	18	1	0	2	0	0	1	1	0	2	4
OTU_223	25	51	62	106	86	1	1	5	3	5	0	1	4	1	2	33	49	61	76	83	1	11	1	4	2	3	3	1	2	0	4	6	1	1	3	1	4	2	1	1
OTU_224	18	16	17	11	18	1	12	9	3	6	1	4	6	13	5	25	15	18	12	15	1	9	0	9	5	9	5	13	2	2	9	6	7	1	1	1	2	8	1	1
OTU_225	13	5	1	4	2	0	1	2	2	2	1	3	3	4	3	7	6	3	10	3	0	1	1	5	5	2	0	7	1	1	2	1	6	0	0	0	1	4	0	1
OTU_226	1	1	0	0	0	0	3	1	16	3	0	2	3	0	0	0	1	0	0	0	0	4	0	1	1	0	0	0	0	2	0	0	0	0	0	0	0	0	0	0
OTU_227	29	5	13	8	6	0	0	0	0	0	0	0	0	0	0	28	8	12	6	6	0	1	0	0	0	2	3	0	4	1	0	4	1	5	4	17	3	0	5	1
OTU_228	1	0	0	2	0	1	1	5	1	2	0	1	14	2	0	0	0	1	1	1	0	2	0	10	1	5	1	5	7	1	20	10	12	3	3	4	1	9	11	0
OTU_229	22	20	19	17	11	1	12	6	4	6	1	1	6	10	4	26	20	19	19	15	3	13	1	11	8	24	8	28	18	9	16	11	19	9	6	11	5	19	17	5
OTU_23	26	17	22	15	13	7	146	74	157	78	9	20	58	81	107	31	22	24	23	17	6	109	6	82	185	24	24	33	21	19	16	11	9	1	4	5	10	23	15	5
OTU_230	10	11	4	1	6	0	2	1	1	1	0	0	0	2	1	12	14	3	1	7	0	2	0	1	1	6	0	2	0	0	1	4	1	0	0	0	0	1	0	0
OTU_232	1	1	0	1	0	0	10	1	5	5	2	5	3	2	2	0	0	0	0	0	0	19	2	10	2	1	0	0	0	0	1	0	0	0	0	0	0	0	0	0
OTU_233	28	10	4	2	6	0	10	2	3	2	0	1	3	6	3	27	5	4	6	6	0	1	0	5	3	14	0	12	0	0	9	9	7	0	0	0	0	8	0	0
OTU_234	0	0	0	0	0	0	5	6	3	0	0	165	0	0	1	0	0	0	0	0	0	0	0	0	0	0	0	0	3	0	0	0	5	0	0	0	0	0	4	0
OTU_235	2	0	2	3	2	0	0	0	0	0	0	0	0	0	0	1	2	1	5	1	0	0	0	0	1	12	6	0	1	6	3	7	1	3	3	5	7	0	1	3
OTU_236	16	34	20	26	10	1	1	3	4	9	6	1	2	5	7	19	22	22	37	10	0	9	5	4	9	2	21	2	0	14	8	3	1	1	9	10	11	2	0	8
OTU_237	9	5	3	7	1	1	0	2	1	2	0	0	2	1	1	6	4	3	5	5	0	5	0	2	3	3	26	4	0	5	2	1	1	1	2	4	10	1	1	0
OTU_238	22	17	9	38	17	0	0	1	0	0	0	0	1	0	0	22	16	12	42	24	0	1	0	2	0	3	1	0	2	0	1	0	1	0	0	0	0	0	1	0
OTU_239	36	50	67	63	89	1	1	1	1	4	1	0	1	2	2	31	55	70	61	88	1	7	0	2	4	2	1	3	0	0	1	1	1	0	0	1	1	1	1	0
OTU_24	40	52	31	49	26	3	43	92	22	57	2	8	40	22	32	45	58	39	39	26	5	72	2	37	36	99	255	89	114	267	55	147	66	33	74	158	290	95	127	173
OTU_240	5	1	2	1	4	0	2	1	0	2	0	0	2	5	2	4	2	3	1	3	0	5	0	2	3	1	0	0	0	0	0	1	1	0	0	1	0	0	0	0
OTU_242	3	1	2	5	4	2	71	11	45	12	2	2	11	5	15	2	3	1	4	5	4	15	2	8	11	43	34	26	135	54	19	71	103	81	37	26	32	31	157	23
OTU_243	39	29	21	28	22	0	3	2	2	3	1	1	4	7	2	37	34	32	40	21	1	4	1	5	4	16	19	6	11	31	5	8	5	4	5	8	8	3	8	9
OTU_244	0	0	0	0	0	0	18	0	0	0	0	0	0	0	0	0	0	0	0	0	0	0	0	0	0	0	0	1	5	0	1	0	1	0	0	0	0	1	5	0
OTU_245	1	0	0	1	0	1	3	2	4	10	1	8	2	5	2	0	1	1	1	0	0	7	0	4	4	1	2	2	0	0	1	0	1	1	1	1	1	1	1	0
OTU_246	43	39	34	16	30	1	2	3	2	5	1	1	3	6	4	44	37	24	22	32	0	9	0	5	9	2	2	3	1	2	3	2	2	1	0	1	3	3	1	1
OTU_247	3	25	19	43	21	0	0	1	0	1	0	0	1	0	0	5	23	22	28	18	0	0	0	1	0	3	0	0	1	0	1	1	0	1	2	0	1	0	0	0
OTU_248	4	3	6	9	3	0	1	3	1	2	0	0	4	1	2	5	3	5	5	4	0	1	0	3	0	1	5	1	1	5	4	1	1	1	1	3	7	1	2	1
OTU_25	9	7	3	11	7	11	47	55	27	34	7	53	87	50	30	10	6	3	10	5	13	49	5	122	53	112	135	173	181	146	133	76	158	54	80	93	77	124	165	74
OTU_250	0	0	0	1	0	0	0	1	0	1	0	0	2	1	0	0	0	0	0	0	0	6	0	3	2	6	6	11	10	1	2	1	3	0	1	2	4	6	4	3
OTU_251	1	0	0	0	0	0	1	0	0	0	0	0	0	0	0	0	0	0	0	0	0	0	0	0	0	5	0	3	0	0	8	7	2	0	0	0	0	5	1	0
OTU_252	8	21	25	24	29	0	0	1	0	1	0	0	1	1	0	13	25	35	36	41	0	2	1	0	1	2	2	1	0	2	1	2	0	0	0	0	2	1	0	2
OTU_253	4	0	2	3	3	0	0	2	1	1	0	0	1	1	2	3	3	1	4	1	0	2	0	1	2	3	28	0	1	3	1	2	0	2	3	4	16	0	1	1
OTU_254	2	7	2	1	1	0	4	5	1	5	1	1	2	2	3	2	6	3	3	2	0	7	0	2	3	3	5	4	6	4	6	1	4	1	1	4	1	2	3	2
OTU_255	1	1	0	1	0	0	1	2	2	2	0	0	3	2	1	1	0	0	0	0	0	2	2	6	2	4	3	1	1	2	3	0	1	1	2	0	1	0	1	0
OTU_256	0	1	3	3	4	0	0	6	0	0	0	0	0	0	0	1	0	2	3	2	0	1	0	0	0	1	3	0	1	2	1	0	1	0	2	5	6	0	1	0
OTU_257	5	3	1	2	1	0	0	0	0	0	0	0	1	1	0	6	1	2	1	0	0	0	0	1	1	2	0	0	0	0	31	4	0	0	0	0	0	2	0	1
OTU_258	1	0	0	0	0	0	2	15	2	0	0	7	2	2	5	0	0	0	0	0	0	3	2	1	5	0	0	0	2	0	0	0	2	0	0	0	0	0	1	0
OTU_259	1	2	0	2	0	0	0	4	1	7	0	0	5	1	1	2	3	1	5	0	0	7	0	7	3	5	5	0	4	10	2	5	1	1	1	6	1	0	4	7
OTU_26	36	33	47	44	46	17	52	166	35	48	43	23	126	64	68	39	33	49	40	38	23	71	35	107	55	137	45	193	43	62	237	240	61	82	61	30	62	265	54	52
OTU_260	1	2	1	0	1	0	1	1	0	0	0	0	1	0	0	1	1	1	1	1	0	1	0	0	0	12	0	2	0	1	2	21	0	0	0	0	0	3	0	0
OTU_262	16	25	23	21	21	0	0	1	0	0	0	0	0	0	0	11	20	21	16	17	0	0	0	0	0	2	1	0	2	0	0	1	1	1	0	2	0	0	2	1
OTU_263	16	19	20	31	31	0	3	1	1	3	0	1	3	6	2	18	16	28	51	32	0	2	0	3	3	4	8	1	1	2	2	3	1	1	1	2	1	2	1	1
OTU_264	2	1	2	1	4	0	1	1	1	1	0	0	2	1	2	5	6	2	2	3	0	0	0	3	1	3	6	10	4	1	2	3	3	1	1	3	2	6	1	1
OTU_265	2	4	2	5	1	0	0	0	0	0	0	0	0	0	0	1	4	0	3	1	0	0	0	1	0	13	20	0	4	13	0	8	2	2	4	5	10	0	1	2
OTU_266	7	2	0	0	0	0	1	1	0	0	0	0	0	0	3	5	2	1	0	0	0	0	0	0	2	0	0	18	0	0	0	0	1	0	0	0	0	16	0	0
OTU_269	20	23	18	20	32	0	2	3	2	4	1	1	3	2	4	29	22	22	24	28	0	9	0	5	5	6	17	1	5	7	4	2	3	3	2	4	13	2	3	3
OTU_27	31	139	24	22	27	32	262	47	39	508	8	171	274	34	31	22	116	22	22	20	36	552	12	254	35	257	26	231	154	126	182	250	353	200	80	31	23	203	127	56
OTU_270	1	0	0	0	0	0	0	1	0	0	0	0	3	1	0	0	0	1	1	1	0	0	0	2	0	5	0	11	0	0	6	3	3	0	0	0	0	6	0	0
OTU_271	12	2	4	4	7	1	1	6	0	4	1	0	7	5	4	9	5	4	4	7	1	15	0	12	9	15	16	2	8	14	4	6	3	2	0	5	6	1	5	4
OTU_272	5	0	3	4	1	0	5	1	2	1	0	2	1	1	2	9	3	2	3	1	0	2	1	0	3	2	2	4	0	6	0	1	1	1	3	2	2	2	0	4
OTU_273	0	0	0	0	0	0	0	0	0	0	0	0	0	0	0	0	0	0	0	0	0	0	0	0	0	2	6	0	1	6	0	2	0	1	2	11	4	0	0	4
OTU_274	3	1	1	0	0	1	3	4	7	2	1	2	4	1	7	2	0	1	1	0	1	4	1	4	14	9	8	15	2	8	5	4	5	3	5	7	3	7	2	3
OTU_275	51	64	56	63	20	0	1	2	1	1	0	1	2	2	2	115	23	50	31	98	1	7	0	2	1	6	6	5	2	3	5	4	3	2	3	2	3	5	1	0
OTU_276	4	2	0	4	0	0	24	4	3	4	1	3	7	10	3	2	2	1	6	1	0	3	0	7	4	27	0	71	2	2	42	19	45	0	5	0	0	61	1	0
OTU_277	3	0	0	0	0	0	0	0	1	2	0	1	4	0	0	2	0	0	0	0	0	1	0	3	0	0	0	7	0	0	1	1	2	0	0	0	1	6	0	0
OTU_278	11	18	15	13	15	1	0	3	2	3	1	1	6	5	4	15	20	19	18	16	1	7	1	4	6	2	2	1	0	2	3	2	0	0	0	0	1	1	0	0
OTU_279	1	2	2	2	3	0	3	1	1	1	1	0	1	1	0	1	3	1	3	2	0	0	0	1	0	1	5	0	3	2	4	2	2	1	7	2	3	2	2	2
OTU_28	21	13	30	34	20	43	54	115	57	125	11	23	196	184	76	28	11	33	37	20	53	219	16	304	153	240	147	324	248	118	240	129	152	39	60	56	68	179	173	42
OTU_280	1	0	0	1	0	0	0	0	0	0	0	0	0	0	0	0	1	2	1	0	0	0	0	0	0	6	2	0	6	17	0	6	3	4	1	7	3	0	5	2
OTU_281	34	41	51	74	96	0	0	3	1	2	0	1	2	1	1	35	48	55	54	78	0	2	0	2	1	1	1	1	0	0	1	0	0	1	0	0	2	1	0	1
OTU_282	0	0	0	0	0	0	1	3	1	1	0	24	1	2	15	1	0	0	0	0	0	1	0	1	19	4	24	0	12	5	1	2	6	0	1	5	12	0	15	4
OTU_283	2	0	0	1	1	0	2	1	2	1	0	1	2	3	1	0	0	0	1	1	0	2	1	4	1	2	7	3	36	30	2	2	47	1	2	1	1	2	27	12
OTU_284	12	5	11	20	13	0	0	2	0	0	0	0	1	4	1	5	10	12	16	15	0	1	0	1	1	1	0	0	0	0	1	2	0	0	0	0	2	1	0	0
OTU_285	0	1	0	0	0	0	0	1	1	0	0	2	1	0	1	1	1	0	0	0	0	0	1	1	1	2	1	2	1	1	1	2	2	0	0	2	0	1	0	1
OTU_287	14	19	33	30	36	0	0	0	0	0	0	0	1	0	1	11	18	24	22	18	0	1	0	1	0	1	0	1	0	0	1	0	0	0	0	0	0	0	0	0
OTU_289	4	6	7	4	7	0	1	2	1	2	0	2	2	4	1	6	8	7	5	5	0	1	0	2	1	2	2	1	1	5	3	2	2	2	1	2	2	0	3	1
OTU_29	1	0	0	0	0	7	313	16	4	2	63	11	2	244	7	0	0	0	0	0	5	2	49	2	7	12	150	2	68	4	2	10	145	4	272	77	130	1	77	3
OTU_290	17	11	8	2	3	0	5	2	1	2	0	6	3	5	2	16	16	6	2	4	0	4	1	5	4	8	2	6	0	0	4	4	6	1	0	0	0	4	0	0
OTU_291	7	5	6	6	7	0	0	0	0	0	0	1	1	2	1	9	8	6	7	11	0	1	0	2	1	8	11	1	4	20	1	5	2	1	2	5	4	0	4	3
OTU_292	12	10	17	11	12	0	0	1	1	1	0	0	1	1	4	17	13	16	14	13	0	1	0	2	4	2	1	1	1	0	2	2	1	2	0	1	2	1	1	2
OTU_293	6	4	6	3	4	0	1	3	1	2	0	0	1	1	3	4	6	6	3	2	0	2	0	1	3	1	12	1	0	7	1	3	1	0	1	3	11	1	1	5
OTU_294	7	15	32	32	27	1	0	1	1	5	0	0	2	2	1	10	17	31	35	37	1	4	1	4	1	1	2	0	2	1	2	1	0	1	1	2	1	0	1	0
OTU_295	1	0	0	0	0	0	1	0	2	0	0	3	0	1	1	0	0	0	0	0	0	1	0	1	2	0	1	0	0	2	0	0	0	2	3	1	3	0	0	0
OTU_297	1	0	0	3	2	0	9	0	2	0	0	0	0	0	1	0	0	2	0	1	0	0	0	0	0	1	0	2	0	0	1	1	0	0	1	0	0	2	0	0
OTU_298	2	1	0	8	54	0	1	0	0	2	0	0	0	0	1	0	1	0	6	44	0	2	0	0	1	3	4	1	4	0	1	4	1	1	1	0	3	2	7	0
OTU_299	86	34	30	24	27	0	4	2	1	3	0	1	2	1	2	85	34	43	17	25	0	4	0	4	4	10	1	16	0	0	1	11	2	0	0	0	0	14	0	0
OTU_3	19	27	2	69	28	71	461	1953	835	1572	375	1318	1031	783	1355	14	23	5	55	19	89	1843	382	957	1364	150	433	373	279	329	269	201	201	193	176	614	450	409	299	205
OTU_30	20	21	26	20	19	3	20	128	28	42	6	11	197	85	54	17	23	22	25	24	6	69	3	298	91	113	110	42	23	177	14	70	12	63	31	40	58	27	17	97
OTU_300	3	3	2	1	2	1	8	8	1	5	0	2	4	2	6	2	5	5	3	3	0	17	1	10	12	6	3	25	10	6	3	3	9	6	1	4	1	10	5	1
OTU_301	3	0	2	1	2	0	0	1	2	2	1	1	2	2	2	3	1	3	2	1	0	3	0	2	1	1	0	1	0	1	0	2	1	0	0	0	3	1	0	0
OTU_302	2	2	1	0	0	0	4	2	1	1	0	1	0	1	6	1	1	1	0	1	0	2	0	1	4	0	1	0	0	0	0	0	0	0	0	0	0	0	0	0
OTU_303	16	12	13	24	31	0	2	7	6	5	0	1	6	4	3	16	13	20	21	24	1	3	0	4	3	3	3	2	1	4	4	5	1	2	1	3	3	2	1	1
OTU_304	13	10	3	4	5	0	3	1	1	2	0	1	1	5	2	15	6	6	2	8	0	1	0	0	6	8	2	3	0	0	4	4	1	0	0	0	1	1	0	0
OTU_305	4	2	2	2	2	0	1	5	0	3	0	0	3	2	3	5	4	4	2	3	0	4	0	5	4	2	2	11	0	4	2	1	0	0	0	0	1	5	0	1
OTU_306	30	26	31	30	27	0	0	2	0	1	0	0	1	1	0	31	27	28	19	44	0	1	0	1	0	2	0	2	0	0	1	1	0	1	0	1	0	3	0	0
OTU_307	3	3	5	2	7	1	1	3	1	2	0	1	4	7	1	1	4	4	4	4	1	3	0	5	2	1	1	2	1	2	3	1	1	1	0	0	3	0	1	1
OTU_308	5	6	8	5	9	0	0	1	0	1	0	0	1	0	0	4	5	9	13	9	0	2	0	1	1	1	5	1	1	3	1	1	1	1	0	1	4	0	2	3
OTU_309	8	6	1	5	5	1	14	27	7	12	2	1	14	11	13	11	4	6	7	8	0	10	1	13	15	14	13	15	8	31	11	16	14	6	6	19	11	14	6	20
OTU_31	34	37	18	12	15	2	23	45	9	42	2	4	30	16	26	38	44	16	19	13	2	42	2	25	25	92	22	78	19	7	68	131	24	5	6	9	20	90	14	14
OTU_310	3	5	6	5	3	1	1	3	2	4	1	1	3	2	3	3	6	6	4	3	1	6	0	2	6	5	35	1	11	25	2	2	4	3	1	8	16	1	8	6
OTU_311	8	11	6	12	13	0	0	1	0	1	0	0	1	1	0	8	7	8	9	10	0	1	0	1	1	0	0	1	0	0	1	0	0	0	0	0	0	0	0	0
OTU_312	3	5	0	3	0	0	2	5	5	8	1	1	4	6	3	4	4	2	7	2	0	5	1	5	5	5	4	5	4	3	4	3	4	4	3	3	3	5	4	1
OTU_313	4	6	8	7	8	0	5	2	2	7	1	3	1	3	4	7	15	8	13	11	1	7	0	2	8	3	2	2	2	5	2	3	2	2	2	2	3	2	3	1
OTU_314	19	14	13	15	9	2	9	11	8	11	2	4	15	14	13	26	16	14	15	10	3	12	2	15	24	15	34	6	18	16	13	14	11	10	11	17	23	6	16	9
OTU_315	0	1	0	1	0	0	1	0	0	0	0	15	0	0	0	0	0	0	0	0	0	0	0	1	0	1	0	1	0	0	1	0	1	0	0	0	0	1	0	0
OTU_316	1	0	0	0	0	1	1	4	1	0	0	1	1	3	1	0	1	0	0	0	0	0	0	1	2	0	2	1	0	0	0	0	2	0	0	0	2	0	0	0
OTU_317	9	2	3	2	1	0	2	2	1	2	0	1	1	1	1	8	2	3	2	1	0	3	0	0	3	4	22	4	2	6	0	3	2	0	0	7	13	6	2	4
OTU_319	2	2	4	1	5	0	0	1	0	1	0	0	0	2	0	1	2	6	4	3	0	1	0	1	0	2	2	0	3	7	0	1	2	2	0	3	2	0	3	3
OTU_32	20	40	15	28	9	18	46	83	40	61	14	142	110	90	48	15	34	20	40	11	23	84	17	155	86	142	124	343	90	93	101	78	127	274	267	21	65	224	67	43
OTU_321	5	7	13	5	25	0	2	1	1	2	0	1	1	2	1	5	6	8	6	22	0	2	0	1	1	0	0	0	1	0	1	1	0	0	0	0	0	0	0	0
OTU_322	2	2	0	1	0	0	3	3	2	3	0	0	2	1	9	2	2	1	1	1	0	4	0	1	9	0	1	0	0	0	0	0	0	0	0	0	1	0	1	1
OTU_323	11	28	33	19	20	0	0	4	1	4	0	1	2	1	1	9	25	25	13	13	0	5	0	3	3	2	14	2	3	3	2	5	1	1	4	5	8	2	2	4
OTU_324	0	5	0	0	0	0	3	0	2	4	0	1	18	0	0	0	4	0	0	0	0	4	0	12	0	0	1	1	8	0	4	0	4	0	2	0	0	0	5	0
OTU_325	6	4	3	0	1	0	0	0	1	0	0	0	0	0	0	7	3	3	0	1	0	0	0	0	0	15	1	2	0	0	2	21	0	0	0	0	0	2	0	1
OTU_326	6	5	7	1	2	0	1	2	2	0	0	1	2	1	1	7	4	4	3	2	0	3	0	2	3	2	9	2	1	6	4	1	2	1	1	2	3	2	1	2
OTU_329	10	5	11	4	6	0	1	0	0	0	0	0	1	1	0	14	8	10	5	6	0	1	0	1	0	1	1	2	1	4	1	1	1	0	0	0	0	1	0	0
OTU_33	58	64	51	41	20	2	30	84	28	41	5	5	44	27	27	46	60	52	35	18	2	58	7	44	27	69	120	28	33	82	34	90	21	5	10	32	116	23	25	53
OTU_330	0	0	0	1	0	0	1	2	0	0	0	0	4	3	0	0	0	0	0	0	0	0	0	3	1	3	0	31	0	1	27	2	11	0	0	0	0	21	0	0
OTU_331	12	19	19	15	21	1	1	2	1	3	0	1	2	2	1	16	19	26	26	24	1	5	0	1	2	5	18	1	7	5	5	3	3	1	3	8	9	2	6	7
OTU_332	5	4	2	1	2	0	1	3	0	1	0	2	1	0	1	3	3	3	2	2	0	0	0	0	1	2	5	0	2	5	2	2	1	1	2	4	3	1	2	5
OTU_333	2	1	0	3	0	0	1	1	0	1	0	0	0	0	0	1	3	1	1	0	0	0	0	0	1	5	0	1	0	0	2	12	0	0	0	0	0	1	0	0
OTU_334	1	1	0	0	0	0	5	5	8	3	0	26	1	3	6	1	3	0	0	0	0	4	0	2	6	0	0	0	0	2	0	0	1	3	1	0	0	0	0	1
OTU_335	37	47	31	36	6	0	0	3	1	1	0	1	7	1	2	82	22	28	18	55	0	6	0	0	2	9	1	3	0	1	2	7	1	1	2	3	3	3	1	1
OTU_336	30	49	57	53	50	0	2	2	2	3	0	1	2	1	2	36	46	56	53	40	0	4	1	1	2	5	2	6	0	1	3	9	1	1	1	2	3	6	2	1
OTU_337	10	26	20	32	22	1	4	4	1	4	0	1	2	3	3	14	26	26	31	29	0	4	0	4	3	9	6	3	1	7	3	7	2	3	3	4	7	3	2	4
OTU_338	11	15	1	3	1	0	1	0	0	0	0	0	0	0	0	7	11	1	2	4	0	0	0	0	0	5	0	2	0	0	1	2	0	0	0	0	0	1	0	0
OTU_339	6	8	8	10	16	0	0	0	0	1	0	0	1	1	0	8	15	11	11	19	1	0	0	1	1	0	2	1	0	4	1	0	0	1	0	0	1	1	0	0
OTU_34	31	26	16	48	13	1	66	51	19	17	1	4	27	11	14	28	19	22	33	16	2	18	2	25	13	295	109	246	107	151	263	391	147	55	75	66	113	224	110	71
OTU_340	5	3	4	6	6	3	31	13	8	5	1	5	14	7	15	7	3	6	7	7	4	6	0	24	25	45	28	75	45	26	43	20	59	27	22	24	10	40	32	19
OTU_341	5	7	0	1	1	1	16	3	0	3	0	0	5	1	8	2	4	1	1	1	1	3	0	4	8	1	2	2	1	4	5	0	17	0	4	0	1	1	2	2
OTU_342	6	17	16	13	15	0	0	1	0	1	0	0	1	0	1	10	13	12	10	19	0	0	0	1	0	8	1	1	1	1	3	8	0	0	0	0	1	1	0	0
OTU_343	3	0	2	1	2	0	2	2	1	1	0	0	1	2	1	2	2	2	2	2	0	1	0	1	3	1	1	0	4	5	2	3	2	3	2	3	3	0	3	3
OTU_344	3	4	7	7	7	0	1	2	1	0	0	0	1	1	2	7	7	8	5	6	0	1	0	0	1	1	1	0	0	0	1	1	0	0	1	1	2	2	0	0
OTU_345	1	0	0	0	0	0	0	0	0	0	0	0	0	0	0	2	1	0	2	1	0	1	0	1	1	1	19	0	0	0	1	1	0	0	0	0	12	0	0	0
OTU_346	4	28	13	11	14	0	0	0	0	0	0	0	1	0	0	3	19	15	12	16	0	1	0	1	0	1	0	0	0	0	0	0	0	0	0	1	0	0	0	0
OTU_348	8	6	10	1	5	0	0	1	1	1	0	0	0	2	1	7	4	9	3	6	0	2	0	2	3	1	11	1	4	9	3	1	3	1	1	4	5	1	3	4
OTU_35	2	5	0	1	2	6	14	74	35	44	3	19	39	36	108	3	5	4	1	5	5	46	5	28	92	10	19	1	10	31	6	20	6	14	26	23	20	1	14	18
OTU_350	7	13	5	4	6	0	0	0	0	0	0	0	0	1	0	7	10	6	5	4	0	1	0	0	0	14	0	3	0	2	2	7	0	0	0	0	0	0	0	0
OTU_351	6	0	0	0	0	0	1	0	0	0	0	0	7	0	1	5	0	0	1	0	0	0	0	3	2	0	0	0	0	1	0	0	1	0	1	0	0	0	2	0
OTU_352	14	5	3	4	3	0	13	20	5	8	1	1	8	3	3	9	1	3	5	7	0	11	0	9	3	48	31	63	43	62	45	74	43	29	36	99	38	76	46	39
OTU_353	24	18	30	28	36	1	0	1	0	2	0	0	1	1	1	23	22	28	29	43	0	4	0	1	1	1	2	0	0	0	2	1	0	0	0	0	0	0	1	0
OTU_354	1	0	0	0	0	0	1	2	0	0	0	0	0	0	0	0	0	0	0	0	0	0	0	0	0	0	1	0	15	0	0	0	6	0	0	0	0	0	9	0
OTU_355	0	3	4	0	2	0	0	0	3	4	0	0	0	0	1	1	0	1	1	2	0	3	0	1	2	3	0	0	0	1	0	1	0	0	0	0	0	0	0	0
OTU_356	4	4	6	6	3	0	1	2	1	1	1	0	1	1	1	5	6	5	7	5	0	1	0	1	0	1	1	1	0	1	1	1	0	0	0	1	2	0	0	0
OTU_357	10	3	4	5	7	0	1	3	1	2	0	0	1	1	1	10	4	8	5	6	1	3	0	1	0	1	4	1	0	0	1	1	1	0	0	2	2	2	1	0
OTU_358	16	10	14	19	25	1	11	9	6	5	1	2	11	11	4	18	11	15	19	21	1	5	0	7	5	2	1	5	1	2	7	3	2	0	1	0	2	7	2	0
OTU_359	21	22	24	41	30	0	1	5	1	5	0	1	4	1	2	16	23	24	26	25	1	7	0	4	2	5	4	1	2	1	3	4	1	1	1	2	5	2	3	2
OTU_36	3	6	0	0	0	5	16	7	10	7	4	8	29	35	6	1	5	0	1	0	2	4	2	28	5	87	2	114	1	2	162	78	40	0	1	1	3	107	1	3
OTU_360	7	6	13	9	11	0	2	1	2	2	0	1	1	3	3	9	7	10	11	14	0	5	0	2	3	3	0	1	0	2	1	1	1	0	0	1	0	0	1	0
OTU_361	2	2	4	0	3	0	0	0	0	0	0	0	1	1	1	2	4	4	4	2	0	1	0	1	2	4	13	1	4	9	0	2	2	3	2	4	8	0	2	6
OTU_362	2	7	5	1	3	0	0	1	0	0	0	0	0	0	0	2	11	3	4	2	0	0	0	0	0	1	8	0	4	15	1	2	1	0	0	4	8	0	2	5
OTU_363	12	8	8	10	16	0	2	3	1	4	1	0	3	3	4	13	13	9	10	22	0	7	1	3	4	3	19	4	0	12	3	4	2	2	2	6	17	2	1	3
OTU_364	0	1	0	1	0	0	1	4	1	1	1	1	2	0	2	0	0	0	0	0	0	2	2	4	2	1	1	0	0	0	1	1	1	0	1	0	0	0	0	0
OTU_365	22	5	8	8	10	0	1	2	1	1	0	0	1	7	0	19	4	9	9	11	0	2	0	1	1	1	4	2	1	0	0	1	2	1	0	0	2	2	1	0
OTU_366	6	4	7	6	5	0	1	2	1	2	0	0	2	2	3	6	8	6	9	4	0	2	0	4	3	5	9	3	1	5	2	3	1	1	1	3	5	1	2	3
OTU_367	10	7	8	14	16	0	1	0	0	1	0	0	1	0	1	8	4	10	11	19	0	3	0	2	0	0	0	0	1	2	1	0	0	0	0	0	0	0	0	0
OTU_368	8	18	14	13	16	0	0	0	0	1	0	0	0	0	0	4	9	19	11	15	0	1	0	0	0	1	2	0	1	0	1	0	0	0	0	0	0	0	0	0
OTU_369	1	21	0	3	3	4	25	33	16	23	2	9	43	17	20	1	17	1	1	2	5	24	1	42	20	27	46	30	37	59	49	23	41	30	54	35	32	30	41	45
OTU_37	1	0	0	1	0	0	128	125	122	4	0	4	0	7	47	2	2	1	0	1	0	2	1	1	37	1	0	1	2	0	1	0	2	1	1	0	1	2	2	2
OTU_370	14	8	10	19	3	0	0	1	0	0	0	0	3	0	0	20	5	10	8	19	0	1	0	1	0	0	0	0	0	0	1	0	0	0	0	0	0	1	0	1
OTU_372	6	6	6	10	10	0	0	0	1	2	0	0	1	0	0	6	11	12	6	13	0	4	0	1	0	1	1	0	0	0	1	0	0	0	0	1	1	0	0	1
OTU_373	1	2	0	0	0	0	0	0	0	1	0	1	0	1	1	2	1	0	1	0	0	1	0	0	0	1	6	0	2	4	1	1	1	1	2	1	6	0	1	2
OTU_374	7	5	10	7	10	0	0	1	0	1	0	2	1	1	1	7	6	10	8	7	0	2	0	0	2	1	4	1	2	0	1	2	0	0	0	2	3	1	1	1
OTU_375	2	1	2	1	1	1	2	2	2	2	0	1	4	3	2	2	2	1	2	2	0	4	0	5	4	10	6	5	1	2	4	2	4	1	3	3	2	4	0	4
OTU_376	0	0	0	0	0	0	1	1	0	0	0	0	0	0	1	0	0	0	0	0	0	0	0	0	0	0	4	0	2	14	0	1	2	2	6	1	5	0	1	4
OTU_377	39	35	28	23	28	0	0	1	0	2	0	1	1	2	2	41	36	33	31	30	0	3	2	4	5	6	5	1	4	4	2	3	2	2	0	0	1	1	2	2
OTU_379	3	1	5	7	1	0	2	1	0	0	0	1	0	3	1	2	2	3	5	1	0	0	0	1	1	1	4	0	2	3	2	1	6	1	2	6	3	0	3	2
OTU_38	7	1	0	6	0	1	12	90	13	5	4	28	33	3	74	5	2	1	8	0	1	5	7	34	61	87	119	2	241	24	3	92	114	3	9	8	99	0	199	9
OTU_381	2	2	5	4	6	0	0	1	1	0	0	0	1	1	0	3	5	3	5	7	0	2	0	2	1	1	0	0	0	0	1	0	0	0	0	0	1	0	0	0
OTU_382	15	18	25	20	12	0	0	1	0	2	0	0	1	1	1	16	23	27	24	18	0	2	0	1	3	3	6	1	0	5	1	2	1	1	0	1	3	0	1	1
OTU_383	5	3	5	3	3	0	1	1	0	6	0	0	3	2	1	4	1	1	2	5	0	10	0	4	1	2	2	1	1	2	2	1	2	1	1	1	1	0	2	1
OTU_384	2	2	1	4	0	0	1	1	0	1	0	0	1	1	1	2	2	3	2	3	0	2	0	2	2	6	11	2	8	5	1	3	3	2	3	3	5	0	6	2
OTU_385	21	19	17	14	14	0	2	8	4	9	1	0	5	2	5	23	19	14	9	10	1	7	1	3	6	6	34	5	6	14	6	9	3	0	5	9	33	6	5	8
OTU_386	3	1	0	1	3	0	0	5	1	3	0	0	3	1	3	3	4	2	2	4	0	3	0	2	4	1	3	3	0	9	1	1	0	1	3	2	1	1	0	6
OTU_387	13	5	5	2	5	0	4	5	2	2	0	1	5	6	2	12	5	7	2	5	0	2	1	6	2	4	4	9	1	0	7	4	7	2	2	1	2	9	2	1
OTU_388	0	0	0	0	0	0	0	0	0	0	0	0	0	0	1	0	0	0	0	0	0	2	1	0	0	1	3	2	0	7	0	0	0	1	1	2	1	0	0	1
OTU_389	2	3	3	4	5	0	1	0	1	1	0	0	1	1	0	2	3	5	2	2	0	2	0	1	2	0	7	0	0	0	1	0	0	0	0	1	0	0	0	0
OTU_39	2	10	0	4	1	3	106	44	104	54	32	306	25	26	102	6	9	1	5	2	5	51	29	33	134	4	16	5	30	38	14	5	31	15	123	24	13	1	39	19
OTU_390	0	2	0	0	1	0	0	1	0	0	0	0	1	0	0	0	2	0	0	0	0	1	0	2	1	12	0	2	1	0	4	4	1	0	0	0	1	3	1	1
OTU_391	5	6	7	5	5	0	1	3	3	2	0	0	23	1	5	5	4	3	4	6	0	2	0	16	7	1	7	1	0	3	1	2	0	0	0	0	10	0	0	1
OTU_392	14	19	26	19	27	1	1	1	0	2	0	0	1	1	1	17	21	25	26	31	0	2	0	2	2	2	0	1	1	0	3	1	0	0	0	1	1	1	1	1
OTU_393	2	3	2	2	2	0	1	1	0	1	0	0	0	2	1	5	2	4	1	2	0	3	0	0	1	0	0	1	0	0	0	0	0	0	0	0	1	0	0	0
OTU_394	0	0	0	0	0	0	1	0	1	0	0	1	0	1	1	0	0	0	0	0	0	0	0	0	1	0	1	1	1	4	0	0	0	1	2	0	1	1	0	0
OTU_395	6	1	0	3	5	0	1	2	0	0	0	0	1	0	0	8	2	0	2	6	0	1	0	0	0	2	0	1	0	0	1	0	0	0	0	0	0	2	0	0
OTU_396	18	19	29	19	13	1	5	4	1	6	1	1	3	5	3	19	20	32	22	23	1	6	0	2	2	5	25	3	6	10	3	3	3	1	3	7	19	3	5	4
OTU_398	13	30	29	26	18	0	0	1	0	0	0	0	0	0	0	9	22	26	25	23	0	0	0	1	1	1	2	0	0	0	1	1	0	0	0	0	1	1	0	0
OTU_399	0	1	0	0	0	0	1	2	1	2	3	2	2	2	4	0	0	0	0	0	0	9	5	6	8	7	1	5	0	1	3	2	2	0	1	0	2	1	1	0
OTU_4	51	54	36	45	39	40	475	203	265	293	87	334	196	170	315	66	69	39	66	47	42	368	88	245	458	391	465	516	691	286	333	239	624	1963	428	141	286	344	571	137
OTU_40	53	43	29	47	35	7	60	46	24	47	6	17	68	65	30	65	48	36	44	36	7	50	5	79	40	67	45	94	24	44	112	54	69	15	27	26	37	87	30	31
OTU_400	12	22	15	32	5	0	0	5	3	6	0	0	2	0	2	13	16	12	26	11	1	7	0	2	1	3	6	0	4	7	1	4	1	3	3	5	9	0	5	3
OTU_401	10	7	10	9	9	0	0	1	0	2	0	0	0	0	0	12	11	11	11	12	0	1	0	2	1	1	1	1	2	2	1	0	1	0	0	0	0	1	1	1
OTU_402	4	7	7	5	13	0	0	0	0	0	0	0	1	0	0	5	5	9	10	12	0	1	0	1	0	0	0	1	0	0	0	0	0	0	0	0	0	0	0	0
OTU_403	4	6	6	7	4	0	0	1	0	1	0	1	1	0	0	4	8	5	8	7	0	1	0	1	0	2	17	1	1	4	1	1	1	0	1	3	12	1	1	2
OTU_404	5	11	13	17	19	0	0	1	0	1	0	0	1	0	1	6	8	13	14	18	0	3	0	2	1	1	0	0	0	0	0	1	0	0	0	0	0	0	0	0
OTU_406	0	1	1	1	1	0	0	0	0	0	0	0	0	0	0	0	0	1	1	1	0	1	0	0	0	2	1	0	5	2	0	1	2	1	2	3	2	0	6	3
OTU_407	4	16	20	16	18	0	0	1	0	0	0	0	0	0	0	2	17	20	18	15	0	0	0	0	1	2	3	0	1	2	0	1	0	0	0	0	0	0	1	0
OTU_408	0	0	0	0	0	1	1	0	0	0	0	0	0	0	0	0	0	0	0	0	0	0	1	0	0	0	0	2	0	7	0	0	0	0	0	2	1	0	0	4
OTU_409	5	3	2	20	5	0	0	2	0	1	0	0	1	1	0	4	3	3	16	5	0	0	0	1	1	0	0	1	0	0	0	1	0	0	0	0	0	1	0	0
OTU_41	29	54	30	31	28	5	21	79	20	52	6	10	56	30	31	36	52	38	33	27	8	51	4	46	32	34	79	39	45	83	48	56	27	19	36	50	84	51	48	42
OTU_410	11	10	9	7	10	0	1	1	1	1	0	0	1	1	2	8	7	8	7	13	0	2	0	3	2	2	1	1	0	1	1	2	0	0	0	0	1	1	0	0
OTU_411	11	8	13	8	15	0	0	1	0	2	0	0	1	1	1	9	10	16	16	14	0	2	0	1	1	1	3	0	0	0	1	1	0	0	0	0	2	1	1	1
OTU_413	4	10	15	11	11	0	0	0	0	0	0	0	0	1	0	4	9	18	14	13	0	1	0	1	1	2	4	0	0	1	1	1	1	1	0	0	1	0	0	0
OTU_414	15	1	15	3	7	0	1	0	1	0	0	0	0	0	1	16	4	17	3	5	1	0	0	0	4	2	3	1	4	9	1	1	20	0	44	0	1	0	4	4
OTU_415	1	0	0	0	0	0	0	0	8	0	0	0	4	0	0	0	0	0	0	0	0	0	0	4	0	0	0	0	0	0	0	0	0	0	0	0	0	0	0	0
OTU_416	7	5	3	9	2	0	0	1	0	0	0	0	2	0	1	9	6	4	3	6	0	0	0	1	0	1	2	1	1	1	0	1	0	0	0	1	2	0	0	0
OTU_417	1	0	1	1	0	0	1	1	0	0	0	0	1	0	1	0	0	0	1	0	0	2	0	1	1	2	0	5	2	1	3	0	1	0	0	1	0	1	2	0
OTU_418	7	0	7	3	1	0	0	2	0	0	0	0	0	0	0	7	1	8	1	1	0	0	0	0	0	2	10	0	1	4	1	4	1	1	7	2	12	1	1	5
OTU_419	1	0	0	2	1	0	1	2	2	1	0	2	2	1	1	0	2	1	0	1	0	2	0	1	2	1	1	0	4	1	1	1	2	4	1	1	0	1	4	2
OTU_42	59	20	6	14	5	0	13	23	22	2	3	241	15	19	10	64	26	5	19	10	0	2	2	20	14	512	11	25	5	21	150	320	43	7	14	31	7	13	6	10
OTU_420	1	0	0	0	1	1	1	0	0	0	0	1	1	0	1	1	0	0	0	2	1	2	1	1	1	2	0	1	0	21	0	3	1	0	1	3	1	1	1	8
OTU_421	9	6	8	6	14	0	0	0	0	1	0	0	0	0	0	9	5	11	8	15	0	0	0	0	1	0	0	0	0	0	0	0	0	0	0	0	0	0	0	0
OTU_422	0	0	0	1	1	0	0	1	1	1	0	1	11	1	0	0	0	1	2	0	0	1	0	13	0	11	8	1	4	19	0	7	4	2	1	4	4	1	4	5
OTU_423	5	9	9	8	10	0	0	0	0	1	0	0	0	0	0	5	10	13	7	12	0	1	0	1	0	1	2	0	1	0	1	0	0	0	1	1	3	0	1	0
OTU_424	8	4	1	1	2	0	1	0	2	0	0	0	1	4	7	7	2	0	0	1	0	2	1	1	6	2	4	4	0	0	1	2	3	0	0	0	3	2	0	0
OTU_425	22	17	12	8	19	0	1	4	2	3	0	1	2	3	9	22	23	19	16	19	1	3	0	2	11	10	2	3	2	1	3	8	1	1	0	0	1	2	1	5
OTU_427	10	0	2	1	3	0	0	0	0	0	0	1	0	0	0	4	2	0	1	2	0	0	0	0	0	5	23	0	1	3	0	2	1	1	0	3	14	0	1	1
OTU_428	0	0	0	1	0	0	1	2	2	1	0	0	2	1	0	0	0	0	0	0	0	0	0	1	0	0	18	1	9	30	0	0	7	5	3	3	19	0	9	27
OTU_429	0	0	0	0	0	0	0	0	0	0	0	0	1	0	0	1	3	0	1	0	0	0	0	1	0	4	4	0	11	2	2	1	2	4	1	1	2	0	7	1
OTU_43	5	17	4	10	25	2	36	55	38	26	8	21	42	25	13	9	17	6	7	18	4	25	9	38	11	38	0	19	11	3	36	52	10	0	2	2	1	21	13	7
OTU_431	0	0	0	1	0	0	0	1	0	3	0	0	0	0	0	0	0	0	0	0	0	4	0	0	0	1	2	3	0	3	0	1	0	0	1	0	2	3	0	1
OTU_432	2	1	4	4	4	0	1	1	0	0	0	0	1	0	1	1	2	2	3	4	0	0	0	1	1	3	9	1	1	6	0	3	1	0	1	1	4	0	0	0
OTU_433	9	14	12	16	15	0	1	6	1	5	0	0	3	1	2	6	20	12	17	11	1	6	1	2	1	6	44	0	22	72	3	12	12	6	23	30	52	1	26	41
OTU_436	5	7	12	9	4	0	0	0	0	0	0	0	0	0	0	5	7	13	7	5	0	0	0	0	0	1	2	1	1	5	1	2	1	0	0	1	1	1	1	1
OTU_437	2	12	5	4	9	0	0	0	0	0	0	0	0	0	0	6	22	5	7	8	0	0	0	0	1	0	0	0	0	0	0	0	0	0	0	0	0	0	0	0
OTU_438	0	0	0	0	0	0	1	0	0	0	0	0	0	0	0	0	0	0	0	0	1	2	0	1	0	0	1	1	1	8	1	0	0	1	0	2	0	0	0	1
OTU_439	3	0	0	4	8	0	0	1	1	0	0	2	1	1	1	3	2	1	2	7	0	0	0	0	2	1	2	4	0	0	1	1	1	0	0	0	0	2	0	0
OTU_44	5	5	1	4	3	9	40	63	19	48	9	43	54	52	95	4	6	3	3	5	7	50	5	51	128	31	42	43	29	71	96	26	47	27	106	19	29	37	28	29
OTU_440	1	9	3	5	4	0	0	1	0	0	0	0	0	0	0	6	7	3	2	8	0	1	0	0	0	1	0	1	0	0	0	1	0	0	0	0	0	1	0	0
OTU_441	15	14	9	4	7	0	1	0	0	0	0	0	0	0	0	11	13	10	7	10	0	0	0	0	2	2	0	1	0	0	0	1	0	0	0	0	0	1	0	0
OTU_442	15	41	51	40	54	1	0	2	1	5	0	0	1	3	4	20	38	37	48	69	1	7	0	2	4	3	0	2	0	0	2	3	1	0	1	2	1	1	0	0
OTU_443	0	0	0	0	0	0	2	0	0	0	0	0	0	0	0	0	0	0	0	0	0	1	0	0	0	1	0	3	1	0	2	1	1	0	0	0	0	2	2	0
OTU_444	9	7	6	4	3	0	1	2	1	1	0	0	1	1	2	11	6	1	4	3	0	1	0	1	1	1	6	1	0	2	1	2	0	1	0	3	4	1	1	1
OTU_445	5	10	17	15	19	0	0	0	0	0	0	0	0	0	0	4	8	17	20	16	0	0	0	0	0	1	0	0	0	0	1	0	0	0	1	0	0	0	0	0
OTU_447	1	1	1	1	2	0	2	0	1	1	0	6	0	0	1	2	0	0	1	0	0	0	0	0	1	1	4	1	4	4	1	0	1	0	13	0	2	0	1	2
OTU_448	3	3	8	5	4	0	0	0	0	1	0	0	2	3	1	2	6	9	5	3	0	1	0	2	2	1	2	1	0	0	0	1	0	0	0	0	0	1	0	0
OTU_449	0	0	1	1	0	0	0	0	0	0	0	0	0	0	0	0	1	1	1	1	0	0	0	0	1	0	1	0	4	10	0	0	2	0	1	2	2	0	4	1
OTU_45	0	17	0	0	0	0	6	6	2	19	0	1	77	0	0	0	17	0	0	0	0	16	0	59	1	0	2	1	123	2	8	2	78	1	7	2	0	1	110	0
OTU_450	7	3	3	5	6	0	1	1	0	1	0	1	0	0	1	4	4	6	4	3	2	1	2	3	4	3	6	2	4	9	3	0	1	0	1	2	1	0	1	3
OTU_451	0	0	0	0	0	0	0	0	0	1	1	1	2	7	1	0	0	0	0	0	0	4	1	4	4	0	0	4	0	0	0	0	0	0	1	0	0	3	0	0
OTU_452	0	0	0	0	0	1	1	0	0	1	0	0	1	0	0	0	0	0	0	0	0	1	2	0	1	0	5	5	0	17	3	0	0	2	1	3	0	1	0	2
OTU_453	8	10	13	9	9	0	0	0	0	1	0	0	0	1	0	11	13	17	11	13	0	2	0	1	0	0	0	0	0	0	0	0	0	0	0	0	0	0	0	0
OTU_454	3	7	6	4	7	0	2	0	0	0	0	1	0	0	0	2	3	2	4	3	1	4	1	2	2	3	2	1	12	5	1	1	9	1	1	0	0	0	11	3
OTU_455	1	8	5	4	4	0	1	0	0	1	0	0	0	1	1	3	3	4	3	5	0	2	0	1	0	1	2	1	1	0	0	1	0	0	0	1	0	0	0	1
OTU_456	1	0	0	0	0	0	1	0	3	1	0	0	1	0	2	0	0	0	0	0	0	0	0	0	0	0	0	0	0	0	0	0	0	0	0	0	0	0	0	0
OTU_457	9	3	3	2	2	0	0	2	2	1	0	0	1	2	2	5	1	3	2	2	0	2	0	0	2	0	0	4	0	0	1	0	1	0	0	0	1	3	0	0
OTU_458	1	1	1	2	1	0	5	0	2	4	1	2	1	1	2	1	0	1	0	0	0	5	0	1	1	1	0	0	0	2	1	1	1	1	0	0	0	1	0	0
OTU_46	15	6	11	11	9	3	33	7	24	7	5	52	5	14	19	21	8	12	5	13	5	10	4	7	30	5	44	8	2	80	7	2	1	25	24	22	27	6	0	27
OTU_460	6	19	20	11	19	0	0	1	0	1	0	0	0	1	1	10	21	21	25	20	1	1	0	0	1	2	3	1	1	0	1	1	1	1	0	1	1	1	1	0
OTU_461	5	6	4	14	5	0	1	1	0	1	0	0	1	2	1	6	9	9	17	7	0	2	0	2	2	1	1	1	0	1	2	1	1	0	0	1	1	1	0	0
OTU_462	0	1	0	1	0	0	0	2	0	1	0	0	1	0	1	0	0	0	0	0	0	2	0	0	1	0	0	0	0	1	3	1	0	0	0	0	0	0	0	0
OTU_463	0	3	0	0	0	0	3	4	9	2	1	36	14	2	5	0	2	0	0	1	0	3	1	13	5	1	8	1	15	21	1	1	9	4	14	8	2	0	16	9
OTU_464	1	1	0	1	0	0	1	1	1	1	0	7	0	1	2	1	0	0	0	0	0	0	0	1	1	1	0	3	0	1	1	1	1	0	1	0	1	1	0	1
OTU_466	0	1	2	1	1	0	1	1	1	1	0	1	0	0	0	2	0	2	1	1	0	0	0	1	1	1	1	0	4	13	0	1	4	0	0	1	4	0	3	2
OTU_467	0	0	0	0	0	0	0	0	0	0	0	0	0	0	0	0	0	0	0	0	0	1	0	0	0	2	0	3	0	0	4	1	0	0	0	0	0	3	0	0
OTU_468	2	3	1	2	1	0	1	0	0	0	0	0	2	2	2	7	2	1	1	1	0	1	0	1	6	1	0	11	0	0	0	0	5	0	0	0	0	5	0	0
OTU_469	9	16	18	10	16	0	1	3	2	3	0	0	3	1	2	12	14	19	12	12	0	1	0	3	2	1	3	1	1	11	2	3	1	2	4	2	4	2	1	11
OTU_47	10	15	8	12	13	3	44	13	12	16	2	15	21	18	25	12	27	7	9	14	3	19	2	25	42	9	5	43	14	12	10	7	22	3	7	5	3	29	13	5
OTU_470	0	0	0	0	0	0	0	0	0	0	0	0	0	0	0	0	0	0	0	0	0	0	0	0	0	1	1	0	4	0	1	2	1	0	0	4	0	0	1	1
OTU_471	5	1	3	1	2	0	0	0	0	1	0	0	0	1	1	5	2	2	3	2	0	2	0	1	0	2	2	0	2	1	0	1	1	1	1	0	1	0	1	0
OTU_473	1	1	0	1	0	0	5	6	1	1	0	6	1	1	6	2	1	0	2	0	1	3	0	2	6	1	0	1	1	1	1	0	1	0	0	0	0	1	0	0
OTU_474	31	14	25	29	45	2	3	7	3	7	1	1	6	7	5	29	24	29	31	42	0	7	1	7	6	5	8	9	2	6	7	4	2	1	5	1	5	5	2	5
OTU_475	4	5	4	3	1	0	2	1	3	1	0	0	4	2	2	2	4	4	3	1	0	0	1	4	3	1	2	0	0	1	2	0	1	0	0	1	1	0	1	2
OTU_476	2	3	1	2	2	0	0	1	1	1	0	2	7	2	2	2	4	1	2	1	0	1	0	8	4	0	1	1	0	0	0	0	1	0	0	1	1	1	0	1
OTU_477	3	5	2	4	2	0	1	1	3	1	0	1	1	1	4	3	2	2	2	2	0	2	0	1	4	2	2	3	0	1	1	1	1	0	2	1	1	2	0	1
OTU_478	9	10	7	8	7	0	1	1	0	2	0	1	2	3	3	10	17	8	6	9	0	5	0	6	5	3	3	1	1	2	3	1	1	0	0	1	2	1	0	0
OTU_479	0	0	0	0	0	0	1	4	0	1	0	0	0	0	2	0	0	0	0	0	0	4	0	1	3	0	0	0	0	0	0	0	0	0	0	0	0	0	0	0
OTU_48	6	5	4	12	5	13	28	65	64	46	5	57	66	43	56	7	6	4	14	2	16	50	7	67	84	52	96	101	100	80	24	42	71	115	116	35	57	79	86	46
OTU_481	4	1	2	3	0	0	0	2	0	0	0	0	4	0	2	7	2	1	2	4	0	1	0	0	0	0	0	0	0	1	1	0	1	1	1	0	1	0	1	0
OTU_482	11	5	6	5	4	0	1	1	1	1	0	2	1	1	1	15	8	3	5	2	0	2	1	2	4	3	0	4	0	0	1	2	1	0	0	1	1	2	0	1
OTU_483	2	5	2	5	8	0	1	2	0	1	0	0	7	2	0	3	2	6	5	5	0	2	0	7	0	1	0	19	0	0	1	2	7	0	0	0	1	23	0	0
OTU_486	5	3	2	4	2	0	0	1	0	1	0	0	0	1	1	2	1	2	1	2	0	2	0	2	1	1	2	2	4	5	1	1	3	1	1	1	3	1	2	1
OTU_487	1	3	5	3	5	0	0	1	0	1	0	0	0	1	2	4	4	2	4	4	0	3	0	0	1	2	14	2	1	4	1	1	1	1	1	3	6	1	1	2
OTU_489	1	5	5	6	4	0	0	1	0	0	0	0	0	0	0	2	6	3	5	7	0	1	0	0	0	1	0	0	1	0	0	1	0	0	0	1	0	0	0	0
OTU_49	13	7	6	3	5	0	9	89	20	49	3	52	23	6	73	11	13	9	5	4	2	48	3	19	81	8	9	5	6	7	8	11	3	5	3	5	17	5	7	5
OTU_490	12	18	27	26	25	0	1	2	0	2	0	1	2	1	1	10	17	28	30	29	0	1	0	2	2	2	0	1	1	0	2	2	1	0	0	1	2	1	0	0
OTU_492	0	0	0	2	0	0	1	0	0	0	0	0	0	0	0	1	0	0	0	1	0	0	0	0	2	12	0	0	0	1	3	4	0	0	0	0	0	0	0	1
OTU_495	1	1	0	2	0	0	9	2	4	3	1	14	2	5	4	2	1	2	2	1	1	2	0	3	5	8	7	0	11	10	2	5	10	3	10	3	5	1	7	5
OTU_496	0	1	0	0	0	0	2	2	3	7	0	4	1	0	15	0	1	0	1	0	0	8	1	1	15	1	0	0	0	2	0	0	0	0	0	1	0	0	1	1
OTU_497	5	7	29	7	7	0	1	0	0	0	0	0	0	0	0	2	8	41	7	8	0	0	0	0	0	0	1	1	1	5	0	0	0	1	1	1	1	0	0	1
OTU_498	1	3	6	4	6	0	1	0	0	0	0	0	0	0	0	1	4	8	11	3	0	0	0	0	0	1	4	0	0	3	0	1	0	1	1	2	4	0	1	1
OTU_499	6	8	14	10	14	0	0	0	0	0	0	0	0	0	0	7	11	11	8	16	0	0	0	0	1	0	0	0	0	0	1	0	0	0	0	0	0	0	0	0
OTU_5	20	16	8	17	8	98	137	501	238	535	105	622	629	633	372	22	24	6	24	17	79	593	85	700	506	85	122	186	94	97	360	61	109	245	428	44	68	141	95	55
OTU_50	10	16	11	11	11	10	42	40	18	31	6	18	82	48	29	12	21	8	12	11	11	30	5	93	33	42	69	94	97	74	135	32	82	30	41	27	38	62	98	38
OTU_500	1	1	0	0	1	0	1	0	0	0	0	0	0	0	0	0	0	1	2	0	0	0	0	0	0	2	5	0	6	6	0	2	1	0	2	4	7	0	4	4
OTU_501	1	1	0	2	0	0	0	1	0	0	0	0	0	0	0	0	1	1	1	0	0	0	0	0	0	1	2	0	1	2	1	2	1	0	0	3	4	0	2	2
OTU_502	9	4	5	8	4	0	3	3	2	1	0	0	3	1	3	6	6	3	4	3	0	0	0	3	3	2	2	0	0	0	2	2	1	0	0	0	1	1	0	0
OTU_503	1	0	0	1	0	0	1	0	0	0	0	1	1	1	0	0	0	0	0	0	0	1	0	3	0	5	0	10	0	2	3	2	2	0	0	0	0	7	0	1
OTU_504	3	6	6	3	6	0	0	0	0	1	0	0	0	0	0	1	3	3	5	4	0	1	0	0	0	1	0	0	0	0	1	0	0	0	0	0	0	0	0	0
OTU_505	4	7	3	3	6	0	2	1	0	1	0	0	1	1	2	12	6	2	4	6	0	2	0	0	3	1	0	2	0	0	0	2	0	0	0	0	0	1	0	0
OTU_506	6	2	3	4	4	0	4	4	1	3	1	1	4	5	2	5	4	3	4	3	0	2	1	5	3	2	2	1	1	3	3	3	2	0	2	2	4	2	1	1
OTU_507	0	15	4	6	2	0	0	1	0	1	0	0	1	1	0	2	14	3	5	2	0	1	0	4	3	5	2	0	8	1	2	6	2	0	1	2	1	0	4	2
OTU_508	16	24	24	36	31	0	0	2	1	2	0	0	2	1	0	19	27	34	34	26	0	2	0	2	1	2	1	1	1	3	1	2	1	0	0	2	2	1	1	1
OTU_509	7	0	2	2	3	0	1	1	1	0	0	0	0	1	0	8	1	3	3	3	0	1	0	1	1	3	0	1	1	0	1	1	1	0	0	0	0	0	0	1
OTU_51	38	20	31	20	22	2	26	17	7	13	1	6	12	13	183	38	20	20	25	18	3	17	0	17	264	42	37	99	26	33	36	23	58	15	9	15	17	61	19	14
OTU_510	2	3	2	2	2	0	0	0	0	0	0	0	0	0	0	2	2	1	2	2	0	0	0	0	0	0	3	0	0	1	1	0	0	0	0	3	3	1	0	0
OTU_511	0	1	0	2	2	0	0	0	0	0	0	0	0	0	0	0	1	2	2	3	0	0	0	0	0	9	0	0	0	0	0	7	0	0	0	0	0	0	0	0
OTU_512	0	0	0	1	3	0	2	0	1	1	0	1	0	1	0	0	0	0	1	3	0	0	0	1	0	0	0	0	0	0	0	0	0	0	0	0	0	0	0	0
OTU_514	8	5	8	5	5	0	1	2	1	1	0	0	1	2	1	10	4	4	4	5	0	1	0	0	1	3	1	4	1	2	1	1	2	1	0	2	1	2	1	2
OTU_515	0	0	0	0	0	0	0	0	1	0	0	4	0	1	1	0	0	0	0	0	0	0	0	0	1	0	0	0	0	4	0	0	0	0	0	0	0	0	0	0
OTU_516	5	6	4	6	5	0	0	1	0	1	0	0	1	0	1	4	7	3	7	4	0	2	0	0	1	1	1	2	2	3	1	1	0	0	0	1	2	1	0	2
OTU_519	12	28	24	26	19	0	1	3	1	4	0	0	2	3	1	12	36	17	25	18	0	4	0	3	4	8	9	1	4	5	5	3	2	2	1	4	7	2	3	2
OTU_52	1	0	0	1	0	0	5	9	5	1	0	211	5	4	8	0	0	0	0	0	0	2	1	2	6	4	1	1	125	1	0	3	157	0	31	1	3	0	126	2
OTU_520	1	0	0	1	0	0	0	0	0	0	0	1	0	0	1	1	0	0	0	1	0	2	0	0	1	1	1	0	1	1	1	0	0	1	0	0	3	0	1	1
OTU_522	1	0	0	0	0	0	0	1	2	1	0	0	1	0	0	1	0	0	0	0	0	0	0	0	0	2	14	0	0	0	0	1	0	0	0	0	10	0	0	0
OTU_523	6	7	9	5	3	0	3	3	2	4	0	1	3	9	10	4	10	6	6	6	0	4	0	2	12	5	7	4	4	4	4	4	4	3	1	5	5	3	4	1
OTU_524	2	1	2	1	4	0	1	1	0	0	0	0	1	1	0	2	3	3	2	2	0	1	0	2	0	1	1	0	1	0	0	0	0	0	0	0	0	0	0	0
OTU_525	0	0	0	0	0	0	1	3	0	0	0	1	0	0	1	0	0	0	0	0	0	0	0	0	0	0	0	0	0	2	0	0	0	0	0	0	0	0	0	0
OTU_526	5	4	3	2	4	0	0	0	0	1	0	0	0	1	1	4	2	2	4	5	0	0	0	0	2	0	2	1	0	1	0	0	0	0	0	2	1	0	0	0
OTU_527	0	0	0	0	0	0	0	0	0	0	0	0	0	0	0	0	0	2	1	0	0	0	0	0	0	2	2	0	0	1	0	5	0	1	1	0	4	0	0	0
OTU_528	0	0	0	0	0	0	5	0	0	1	0	0	0	0	0	0	0	0	0	0	1	1	0	0	0	1	2	0	4	2	0	0	5	0	0	0	3	0	2	0
OTU_529	3	0	4	0	2	0	0	0	0	0	0	0	1	1	0	3	1	2	2	4	0	1	0	1	0	1	1	1	0	2	1	1	0	0	0	0	1	0	0	0
OTU_53	186	181	180	167	195	18	24	34	31	39	4	12	46	43	57	223	201	192	179	220	21	39	4	54	79	25	16	43	4	8	30	23	9	2	2	7	14	37	5	3
OTU_530	0	0	0	0	0	0	0	0	0	0	0	4	0	0	0	0	0	0	0	0	0	0	0	0	0	0	0	0	0	0	0	0	0	0	1	0	0	0	0	0
OTU_531	14	10	18	14	6	0	1	0	0	1	0	0	1	2	0	10	14	18	10	7	0	2	1	2	0	2	5	1	2	7	1	1	1	0	0	3	3	1	1	1
OTU_532	2	0	0	0	0	0	1	0	0	0	0	0	0	1	0	1	0	0	1	1	0	0	0	1	0	0	0	6	0	0	0	0	2	0	0	0	0	3	0	0
OTU_533	4	5	7	7	6	0	3	3	1	2	0	2	1	4	2	5	4	8	9	8	1	2	0	4	1	2	2	0	1	4	2	2	1	1	1	1	1	0	1	1
OTU_534	6	6	5	13	9	0	0	3	0	0	0	0	1	4	0	8	8	7	21	9	0	0	0	2	1	3	18	4	1	3	1	2	1	1	1	2	10	2	1	2
OTU_535	6	1	1	0	1	0	0	1	1	0	0	0	1	0	1	9	5	4	0	1	0	0	0	0	0	1	2	2	0	5	0	2	1	0	1	3	0	1	0	1
OTU_536	7	3	4	3	4	0	1	1	1	0	0	0	1	1	1	8	2	2	4	5	0	2	0	0	1	1	1	1	0	0	0	1	0	0	1	0	0	1	0	0
OTU_537	1	4	5	6	7	0	0	0	0	0	0	0	0	0	0	2	4	7	7	11	0	1	0	0	0	0	0	0	0	0	0	0	0	0	0	0	0	0	0	0
OTU_538	8	0	10	10	8	0	0	1	0	1	0	0	0	0	0	6	3	6	13	8	0	1	0	1	0	0	0	0	0	0	1	0	0	0	0	0	0	0	0	0
OTU_539	0	0	0	0	0	0	0	0	0	0	0	0	0	0	0	0	0	0	0	0	0	0	0	0	0	1	3	0	0	8	0	0	1	0	0	2	2	0	1	2
OTU_54	8	10	3	6	2	0	7	8	7	6	0	5	4	3	3	5	12	1	5	1	0	2	0	3	3	127	39	20	8	13	121	192	26	4	11	4	36	23	7	8
OTU_540	4	5	3	5	7	0	1	2	0	2	0	0	2	2	1	8	6	5	5	5	0	4	1	1	4	2	5	2	0	3	2	1	1	0	0	1	5	1	1	1
OTU_541	58	65	40	39	32	0	1	2	0	1	0	0	2	1	0	40	45	33	36	57	0	2	1	2	3	3	2	3	1	1	2	1	1	0	1	1	1	3	0	0
OTU_542	22	12	20	13	25	0	1	3	2	5	1	1	6	1	1	35	14	23	14	14	1	7	0	7	4	4	20	4	10	32	2	7	4	2	3	10	21	3	5	19
OTU_543	23	23	26	20	36	1	2	2	2	5	1	1	3	4	2	19	21	28	31	37	1	6	2	3	4	3	4	3	3	6	4	1	1	1	0	2	2	1	1	1
OTU_544	3	4	0	1	0	0	0	0	0	0	0	0	0	0	0	2	6	0	1	1	0	0	0	0	0	5	0	0	0	0	0	4	0	0	0	0	0	0	0	0
OTU_545	0	0	0	0	0	0	0	0	0	0	0	0	0	0	0	0	0	0	0	0	0	0	0	0	0	0	2	0	2	7	0	0	5	1	0	0	1	0	3	1
OTU_548	6	7	9	4	5	0	1	0	0	1	0	0	0	0	1	10	6	7	5	6	0	1	0	1	2	0	0	0	0	0	0	0	0	0	0	0	0	0	0	0
OTU_549	21	14	14	16	17	1	6	7	9	16	2	8	9	10	12	30	27	18	24	17	1	23	2	7	19	15	8	11	13	26	12	11	11	5	24	5	11	12	8	13
OTU_550	3	3	1	5	4	0	0	0	0	0	0	0	0	0	0	2	4	4	3	2	1	2	3	2	2	4	2	2	2	9	1	0	0	0	1	0	0	0	0	5
OTU_551	18	6	3	8	5	0	0	0	0	0	0	0	1	0	0	18	1	6	9	9	0	1	0	1	0	1	0	0	1	0	0	1	1	0	0	1	1	0	0	0
OTU_553	0	0	0	0	0	0	0	0	0	0	0	0	0	0	0	0	0	0	0	0	0	0	0	0	0	0	1	0	0	3	0	0	1	0	1	1	2	0	1	3
OTU_554	5	4	7	7	8	0	1	1	0	1	0	0	1	0	0	6	3	4	8	5	0	2	0	0	1	1	1	1	0	0	1	1	1	0	0	1	0	1	0	1
OTU_555	9	23	26	48	32	0	1	1	0	1	0	0	1	0	0	8	27	25	40	26	0	1	0	1	0	2	2	1	1	0	3	3	0	1	1	1	2	0	1	0
OTU_556	0	1	0	0	0	0	1	1	1	2	0	0	1	1	0	1	0	0	0	0	0	1	0	3	0	4	2	4	2	5	2	1	5	0	0	1	2	2	0	1
OTU_558	6	11	19	19	30	1	0	0	0	1	0	0	1	0	0	14	16	27	27	29	0	2	0	0	0	1	1	0	0	0	1	0	0	0	0	0	0	0	0	0
OTU_559	1	1	1	1	1	0	0	1	0	0	0	0	0	0	0	1	3	1	2	1	0	1	0	2	0	1	3	1	2	1	1	1	1	0	0	0	2	1	1	1
OTU_56	81	40	76	53	69	1	34	47	12	29	3	4	45	59	18	87	46	68	58	70	2	30	3	72	23	84	70	54	58	108	29	54	46	30	38	68	47	31	43	48
OTU_560	3	0	0	0	0	0	0	0	1	0	0	0	1	2	1	3	0	1	0	0	0	1	0	1	2	0	0	0	0	0	0	0	0	0	0	0	0	0	0	0
OTU_561	1	1	2	1	1	0	0	0	0	1	0	0	0	0	0	1	1	3	5	1	0	2	0	0	1	1	1	1	0	2	0	0	0	0	0	1	1	0	0	1
OTU_562	4	1	1	0	0	0	1	0	0	0	0	0	0	1	1	2	0	1	0	0	0	0	0	0	1	2	0	1	0	0	0	3	0	0	1	0	0	0	0	0
OTU_563	1	0	1	0	0	0	0	1	0	1	0	0	0	0	0	0	1	1	0	1	0	1	0	0	0	1	4	0	2	8	0	1	1	0	0	1	2	0	1	6
OTU_564	2	5	6	4	4	0	1	1	0	1	0	1	1	1	0	2	6	9	7	10	0	3	0	1	1	1	0	2	0	0	2	1	0	0	0	0	1	1	0	0
OTU_565	6	6	7	11	8	0	1	1	0	1	0	0	0	0	1	10	8	11	9	7	0	0	0	1	0	1	0	1	0	0	0	1	0	0	0	0	0	1	0	0
OTU_566	6	7	8	4	4	0	1	0	0	2	0	0	1	2	1	10	8	8	7	9	0	2	0	2	1	1	1	1	0	0	1	1	0	0	0	0	0	1	0	1
OTU_568	9	14	13	7	13	0	0	1	0	4	0	0	1	1	3	10	10	14	16	24	0	7	0	2	4	1	6	3	2	7	4	2	1	1	1	4	7	3	1	2
OTU_569	3	3	5	15	11	0	0	1	0	0	0	0	0	0	0	3	5	7	9	7	0	0	0	1	0	0	0	0	0	0	0	0	0	0	0	0	0	0	0	0
OTU_57	18	27	10	14	7	1	13	22	16	8	4	94	17	3	14	13	28	10	15	4	2	10	3	15	11	6	6	3	5	28	14	13	5	3	10	7	11	5	7	12
OTU_570	0	0	0	0	0	0	1	0	0	0	0	0	0	0	0	0	0	0	0	0	0	0	0	0	0	3	0	0	0	0	1	3	0	0	0	0	0	0	0	0
OTU_572	14	5	7	3	6	0	3	1	1	1	0	1	1	2	0	14	8	8	7	5	0	2	0	1	1	3	0	2	0	2	1	1	1	0	0	0	0	2	0	0
OTU_573	1	0	0	1	0	1	1	3	1	1	0	6	10	3	0	0	1	1	1	0	1	0	0	12	1	2	3	2	3	5	0	1	2	0	1	2	4	1	1	3
OTU_574	2	3	5	3	5	0	0	0	0	0	0	0	1	1	1	4	2	6	4	10	0	1	0	0	0	0	1	0	0	0	0	0	0	0	0	0	0	0	0	0
OTU_575	7	4	6	9	8	0	1	0	0	0	0	0	0	0	0	3	6	7	8	12	0	0	0	1	0	0	0	0	0	0	0	0	0	1	0	0	0	0	0	0
OTU_576	0	0	0	1	0	0	1	0	0	0	0	0	0	2	0	0	0	0	0	0	0	0	0	1	0	0	0	0	0	0	0	0	0	0	0	0	0	0	0	0
OTU_577	16	11	17	13	14	1	2	5	2	5	0	1	10	9	8	14	13	17	19	16	0	9	0	12	11	3	10	1	0	0	3	3	1	3	1	1	6	1	1	0
OTU_578	0	0	0	0	0	0	0	0	0	0	0	0	0	0	0	0	0	0	0	0	0	0	0	0	0	0	1	0	3	0	0	0	3	0	0	0	2	0	3	1
OTU_579	2	1	0	1	0	0	0	1	1	1	1	3	1	1	2	1	1	0	0	0	0	3	0	2	3	0	1	0	1	1	1	0	2	0	0	0	0	2	1	0
OTU_58	0	0	1	3	1	1	2	18	14	10	3	165	18	3	5	1	2	0	2	1	2	8	2	14	14	6	25	1	7	29	3	6	7	10	7	12	14	0	8	17
OTU_580	1	3	6	4	4	0	0	0	0	0	0	0	0	0	0	3	6	9	5	8	0	0	0	0	0	0	0	0	0	0	0	0	0	0	0	0	0	0	0	1
OTU_581	5	4	6	5	7	0	0	0	0	1	0	0	0	1	0	5	4	12	9	8	0	1	0	1	0	1	0	0	0	0	1	0	0	0	0	0	0	1	0	0
OTU_583	1	1	2	2	2	0	0	0	0	0	0	0	0	0	0	1	1	1	2	1	0	0	0	0	0	0	5	0	0	0	0	0	0	0	0	0	5	0	0	0
OTU_584	1	0	0	0	0	0	0	1	0	0	0	0	0	2	7	1	1	1	0	1	0	0	0	0	5	0	0	1	0	0	1	1	0	0	0	0	1	0	0	0
OTU_585	0	0	0	1	1	0	1	0	0	0	0	0	0	0	0	1	0	1	1	1	0	0	0	1	0	0	0	0	0	1	0	1	0	0	1	3	0	0	0	0
OTU_587	2	2	3	3	4	0	0	0	0	0	0	0	0	0	0	1	3	2	4	5	0	0	0	0	0	1	0	0	0	3	1	0	0	0	0	0	0	0	0	0
OTU_588	4	2	2	2	4	0	0	1	0	0	0	0	0	1	0	3	3	4	3	3	0	0	0	1	0	1	2	0	0	2	1	0	0	1	1	0	2	0	0	1
OTU_589	30	36	33	36	33	0	1	6	2	7	0	0	3	2	3	31	35	34	32	22	0	3	0	4	2	9	6	4	3	7	4	14	1	2	3	5	5	4	3	1
OTU_59	11	10	8	10	8	0	21	3	1	2	0	2	6	1	3	14	11	9	12	14	0	4	1	5	3	160	17	195	46	40	120	208	67	8	9	33	18	201	46	26
OTU_592	0	2	1	2	0	0	0	0	0	0	0	0	1	0	0	0	3	1	2	0	0	2	0	0	1	10	20	0	18	18	0	4	9	7	5	14	13	0	19	5
OTU_594	3	3	3	2	3	0	1	1	0	2	0	0	2	1	2	4	6	1	3	4	0	1	0	1	2	2	8	0	0	1	1	1	0	0	0	0	5	0	0	1
OTU_595	0	0	0	0	0	0	0	1	0	0	0	0	1	0	1	0	0	0	0	0	0	0	0	1	1	1	0	2	0	0	1	0	2	0	0	0	0	2	0	1
OTU_597	2	0	0	0	0	0	0	1	0	0	0	0	1	1	1	1	0	0	0	0	0	1	0	0	1	3	0	0	2	0	2	1	4	0	1	1	0	0	1	1
OTU_599	31	37	28	20	24	2	14	9	7	16	1	5	10	18	15	23	37	31	32	23	4	25	3	12	30	9	15	9	11	6	10	8	12	4	6	5	8	8	11	5
OTU_6	20	6	5	8	9	28	504	45	1976	40	418	266	61	27	76	15	8	9	9	5	35	42	370	74	105	75	219	91	165	200	25	58	147	267	1601	691	160	78	150	93
OTU_60	17	9	11	12	8	1	16	14	6	38	0	1	42	8	2	14	6	15	6	13	1	39	1	34	3	36	27	55	158	24	35	49	90	10	10	18	19	56	161	12
OTU_600	2	5	1	2	2	0	1	0	0	0	0	0	0	0	0	0	3	2	1	3	0	0	0	0	0	9	0	5	0	1	2	12	3	0	0	0	0	3	1	0
OTU_601	0	0	0	0	0	0	0	1	1	0	0	1	0	0	0	1	0	0	0	0	0	0	0	0	0	0	2	0	1	1	0	0	0	0	0	0	1	0	0	0
OTU_602	6	10	5	1	3	0	0	1	0	0	0	0	0	1	1	5	7	2	3	3	0	1	0	0	1	1	1	2	0	1	1	0	0	0	0	0	0	0	0	0
OTU_603	0	0	0	0	0	0	1	0	1	0	0	1	0	1	0	0	0	0	0	0	0	1	0	0	1	0	0	0	0	0	0	0	0	0	0	0	0	0	0	0
OTU_604	2	2	2	1	0	0	0	2	0	0	0	0	1	0	0	5	1	0	1	1	0	0	0	0	0	1	0	1	1	0	0	1	1	0	0	0	0	1	0	0
OTU_605	0	1	0	0	0	0	0	1	0	1	0	0	1	1	0	0	0	0	0	0	0	0	0	1	0	1	0	0	0	0	0	1	1	0	0	0	0	0	0	0
OTU_606	1	0	0	0	0	0	0	0	0	1	0	0	1	0	1	0	1	0	0	1	0	1	0	1	0	0	0	0	0	0	0	0	4	0	0	0	0	0	0	0
OTU_607	3	0	1	0	0	0	1	1	0	1	0	0	0	1	0	3	0	1	1	0	0	1	0	0	0	0	8	0	0	0	0	0	0	0	0	0	5	0	0	0
OTU_608	4	10	3	1	4	0	0	0	0	0	0	0	0	0	0	4	6	2	2	5	0	0	0	1	0	1	0	1	0	0	0	1	0	0	0	0	0	0	0	0
OTU_609	2	0	1	1	0	0	0	2	0	0	0	0	0	0	0	2	1	1	2	2	0	0	0	0	0	1	0	0	0	3	1	1	1	0	0	1	0	0	0	2
OTU_61	14	11	10	12	8	4	23	45	25	23	4	49	51	30	21	14	15	10	11	5	4	21	2	51	31	42	39	46	28	60	37	34	46	22	27	42	34	46	32	40
OTU_610	1	1	3	4	7	0	1	0	0	0	0	0	0	0	0	1	2	3	10	6	0	1	0	0	0	0	0	0	0	0	0	0	0	0	0	0	0	0	0	0
OTU_611	0	1	0	2	0	0	1	0	0	0	0	0	1	0	0	0	1	0	1	0	0	0	0	1	1	2	0	0	0	3	1	1	0	0	1	1	0	0	0	2
OTU_612	3	3	7	6	12	0	2	1	0	1	0	0	1	1	1	4	4	8	5	6	0	0	0	1	1	2	2	2	1	4	2	2	1	1	1	1	1	1	1	1
OTU_613	24	1	5	1	0	0	9	1	2	7	1	2	2	1	2	34	2	6	1	0	0	4	1	4	2	11	4	15	0	9	2	8	1	2	0	2	1	8	0	2
OTU_614	5	1	3	4	6	0	0	0	0	0	0	0	1	0	0	2	3	2	4	3	0	0	0	1	0	1	2	0	0	0	1	0	0	0	0	1	1	0	0	0
OTU_615	12	10	15	5	6	0	1	0	0	1	0	0	0	0	1	13	11	12	8	10	0	1	0	1	1	0	0	2	0	0	0	0	1	0	0	0	0	1	0	0
OTU_616	4	6	9	9	12	0	0	0	0	1	0	0	0	0	1	6	9	10	11	16	0	0	0	1	1	1	0	1	0	1	0	0	0	0	0	0	0	0	0	0
OTU_617	6	9	19	13	20	0	0	0	0	1	0	0	0	0	0	9	12	20	14	13	0	0	0	0	0	1	0	0	0	0	0	1	0	0	0	0	1	0	0	0
OTU_618	6	0	2	2	4	0	1	1	2	3	0	1	1	5	2	3	2	3	4	5	0	2	0	1	2	1	7	5	1	4	3	1	2	1	2	1	3	2	1	1
OTU_619	6	0	0	1	0	0	0	0	0	1	0	0	0	0	0	4	1	1	1	2	0	0	0	0	0	1	15	1	0	4	0	1	0	1	0	2	7	1	1	0
OTU_62	9	15	12	10	8	0	44	15	30	13	7	51	26	8	17	15	19	12	22	7	3	17	6	36	23	14	13	13	15	44	10	6	18	8	13	11	4	11	13	10
OTU_620	1	0	2	0	1	0	0	0	0	0	0	0	0	0	0	1	2	4	1	0	0	0	0	0	0	1	2	0	3	3	0	1	1	0	1	2	1	0	2	2
OTU_621	0	0	0	0	0	0	0	0	0	0	0	0	0	0	0	0	0	0	0	0	1	0	0	1	0	1	0	7	0	0	4	0	1	0	0	0	1	1	0	0
OTU_622	4	15	7	17	1	0	1	2	1	1	0	0	2	3	3	2	17	6	20	2	0	1	0	1	3	1	0	1	0	1	1	2	0	0	0	0	0	1	0	1
OTU_624	2	0	1	0	1	0	1	0	0	0	0	0	0	1	0	2	0	0	1	1	0	0	0	0	0	0	0	1	0	0	0	0	0	0	0	0	0	2	0	0
OTU_625	4	3	2	9	3	0	1	3	1	3	1	1	3	4	2	2	5	6	7	5	0	3	1	5	3	6	7	1	7	7	6	2	4	4	3	6	5	0	7	2
OTU_626	3	5	5	9	7	0	0	0	0	0	0	0	0	0	0	4	5	3	4	14	0	0	0	0	0	0	0	1	0	0	0	0	0	0	0	0	0	0	0	0
OTU_628	0	1	0	1	0	0	0	0	0	0	0	0	0	0	0	1	1	0	0	0	0	0	0	0	0	1	8	0	1	9	0	0	1	0	0	2	3	0	0	3
OTU_629	4	14	10	11	13	0	0	1	1	2	0	0	1	1	2	6	11	16	13	18	0	4	0	1	4	2	5	0	2	2	2	1	0	2	0	1	3	1	0	1
OTU_63	63	72	68	66	57	3	17	54	14	49	4	5	37	23	24	71	67	79	74	50	2	48	3	24	18	37	59	55	13	29	46	76	16	7	18	30	69	76	23	21
OTU_630	1	1	1	1	0	0	0	1	0	0	0	0	0	0	0	0	1	0	0	1	0	0	0	1	0	0	1	1	0	2	2	1	2	0	1	2	0	1	1	1
OTU_632	0	0	0	0	0	0	1	0	0	2	0	0	1	0	0	0	0	0	0	0	0	2	0	1	0	1	1	0	36	2	0	0	9	1	0	0	0	0	27	1
OTU_634	0	0	0	0	0	0	0	0	0	0	0	0	0	0	0	0	0	0	0	0	0	0	0	0	0	0	1	0	0	0	1	0	0	0	0	3	0	0	0	0
OTU_635	4	0	1	3	9	0	0	0	0	0	0	0	0	0	0	4	1	1	4	10	0	0	0	0	1	0	0	0	0	0	0	0	0	0	0	0	0	0	0	0
OTU_636	4	7	11	4	6	0	0	0	0	1	0	0	0	1	0	3	6	10	9	9	0	0	0	1	1	0	1	0	0	0	0	0	0	0	0	0	0	0	0	0
OTU_637	0	0	0	0	0	0	0	4	0	0	0	0	0	0	0	0	0	0	0	0	0	0	0	0	0	0	0	0	2	2	0	0	0	0	0	0	0	0	1	0
OTU_638	0	0	0	0	0	0	0	0	0	0	0	0	0	0	1	0	0	0	0	0	0	0	0	1	0	0	0	2	0	0	1	0	1	0	0	0	0	1	0	0
OTU_639	17	23	5	8	5	0	2	5	10	2	0	1	3	3	4	17	16	4	5	6	0	2	0	2	3	45	8	15	0	7	22	64	4	1	0	9	7	17	1	4
OTU_64	7	11	7	10	4	5	33	53	26	47	7	74	41	33	30	8	8	6	11	4	6	48	7	40	38	21	90	21	57	55	41	18	49	100	100	22	69	24	60	39
OTU_640	0	0	0	0	0	0	0	0	0	0	0	0	0	0	0	0	0	0	0	0	0	0	1	0	0	0	0	4	0	7	0	0	0	0	0	1	0	0	0	1
OTU_641	0	0	0	0	0	0	1	1	0	1	0	0	1	0	1	0	0	0	0	0	1	0	0	1	3	0	0	0	0	0	0	0	0	0	0	0	0	0	0	0
OTU_642	5	3	4	2	6	0	0	1	0	0	0	0	0	0	0	4	6	10	5	3	0	1	0	0	0	0	1	1	0	2	0	0	0	0	0	0	0	0	0	0
OTU_643	1	4	6	4	4	0	0	0	0	0	0	0	0	0	0	2	7	3	6	5	0	0	0	0	0	0	0	0	0	0	1	0	0	0	0	0	0	0	0	0
OTU_644	1	0	3	3	1	0	0	0	0	0	0	0	0	0	0	0	3	4	3	1	0	0	0	0	0	0	1	0	0	3	0	0	0	0	0	2	1	0	0	0
OTU_645	0	0	0	0	0	0	0	0	0	0	0	1	0	0	0	0	0	0	0	0	0	0	0	0	0	0	0	0	13	2	0	0	2	0	0	0	0	0	13	0
OTU_646	3	4	3	7	0	0	0	1	0	0	0	0	1	0	0	7	4	1	1	5	0	1	0	0	0	1	0	1	0	0	1	1	0	0	0	0	1	0	0	0
OTU_647	0	0	0	0	0	0	0	0	0	0	0	0	0	0	0	0	0	0	0	0	0	0	0	0	0	2	0	0	0	0	4	1	0	0	0	0	0	0	0	0
OTU_648	10	0	8	3	7	0	0	0	0	1	0	0	0	1	0	8	7	7	4	5	0	2	0	1	0	0	0	3	0	0	1	1	0	0	0	0	0	2	0	0
OTU_649	2	4	6	6	2	0	0	1	0	1	0	0	1	0	1	6	3	3	2	8	0	6	0	0	2	1	1	0	1	2	1	1	2	1	0	1	1	0	1	0
OTU_65	30	11	9	15	7	1	16	44	17	36	3	3	30	17	22	31	10	9	15	11	1	41	2	26	29	6	14	22	6	7	14	14	11	3	5	7	13	19	7	9
OTU_650	1	1	8	0	0	0	0	0	1	0	0	0	1	1	0	1	1	5	0	1	0	0	0	1	0	0	2	0	0	0	0	0	0	0	0	0	0	0	0	0
OTU_651	2	4	5	3	3	0	1	0	0	1	0	0	1	1	1	4	6	5	3	7	0	1	0	1	1	0	1	1	0	1	1	0	0	0	0	0	0	0	0	0
OTU_652	1	5	4	5	4	0	0	1	0	0	0	0	1	0	0	1	5	4	6	3	0	0	0	1	0	0	1	1	0	0	0	0	0	0	0	1	0	0	0	0
OTU_653	0	1	0	1	0	0	1	1	4	1	0	0	1	1	0	2	2	1	0	0	0	1	0	1	0	3	0	1	0	4	2	3	2	1	2	1	1	2	2	2
OTU_654	4	4	3	1	4	0	0	0	0	0	0	0	1	0	0	6	2	2	3	5	0	1	0	0	0	0	0	0	0	1	0	1	0	0	0	0	1	0	0	1
OTU_655	18	33	20	19	20	0	0	1	1	0	0	0	1	0	0	22	23	22	19	27	0	3	0	0	1	1	1	3	0	0	2	0	0	0	0	0	0	1	0	0
OTU_656	14	22	25	29	8	1	0	2	1	1	1	1	1	3	2	28	12	21	17	48	0	7	0	2	3	4	2	1	0	3	3	2	2	1	1	2	4	1	1	1
OTU_657	0	0	0	0	0	0	0	0	0	0	0	2	0	0	0	0	0	0	0	0	0	0	0	1	0	0	0	0	0	1	0	0	0	0	0	0	0	0	0	0
OTU_658	2	10	2	6	4	0	0	0	0	0	0	0	0	0	0	1	4	9	6	9	0	0	0	0	0	0	0	0	0	0	0	0	0	0	0	0	0	0	0	0
OTU_659	1	0	1	3	1	0	0	0	0	0	0	0	0	0	0	1	2	3	3	1	0	0	0	1	1	1	2	0	0	0	0	0	0	0	0	0	1	0	0	0
OTU_660	0	0	0	1	0	0	1	0	0	0	0	0	0	0	1	0	1	0	0	0	0	0	0	0	0	0	0	1	0	0	1	0	0	0	0	0	0	3	0	0
OTU_661	4	2	1	3	5	0	1	0	0	1	1	0	0	0	1	1	4	1	5	2	2	4	3	1	4	2	2	2	1	2	1	1	0	1	4	2	1	0	0	4
OTU_662	0	0	0	0	0	0	0	0	0	0	0	0	0	0	0	1	0	0	0	0	0	0	0	0	0	1	0	0	2	6	0	1	1	0	0	3	1	0	2	4
OTU_663	0	0	0	0	0	0	1	0	0	0	0	0	0	0	0	0	0	0	0	0	1	1	1	0	0	0	2	1	0	1	1	0	0	0	0	1	0	0	0	0
OTU_664	4	3	6	5	8	0	1	1	1	1	0	0	1	1	1	3	5	6	5	8	0	1	0	0	1	0	3	1	0	1	1	1	1	1	1	0	1	0	0	2
OTU_665	24	25	18	22	9	0	0	1	0	1	0	0	2	2	1	17	17	20	22	18	1	2	0	2	2	2	11	2	2	1	4	2	2	2	0	4	1	1	2	1
OTU_666	4	3	4	5	3	0	0	1	0	1	0	0	0	0	0	4	1	4	3	1	0	1	0	1	1	0	0	0	1	2	1	1	0	0	1	1	2	0	0	0
OTU_667	1	9	0	0	0	1	7	11	26	30	4	4	9	9	13	2	5	0	1	0	1	38	3	11	21	7	20	2	15	17	3	3	7	3	10	8	13	1	13	10
OTU_668	1	2	0	1	1	0	1	1	0	0	0	0	0	1	0	1	1	1	1	3	0	1	0	1	0	1	2	1	0	1	0	0	0	0	0	0	1	0	0	1
OTU_669	1	1	0	1	0	0	1	1	0	0	0	1	0	1	1	1	0	1	0	0	0	0	0	0	1	1	0	0	0	0	1	1	0	0	0	0	0	0	0	0
OTU_67	25	25	19	24	26	3	10	34	13	22	1	4	26	18	102	24	24	23	20	18	3	26	1	31	107	10	27	3	17	91	8	16	8	8	9	58	35	7	14	46
OTU_670	3	1	0	1	1	0	0	0	0	0	0	0	0	0	0	3	0	1	1	0	0	0	0	1	0	1	1	0	0	1	0	0	0	0	0	2	0	0	1	0
OTU_671	2	0	0	1	0	0	1	1	0	1	0	0	0	0	1	0	0	0	0	0	0	1	0	0	3	1	1	1	1	0	1	1	1	1	1	0	0	0	1	1
OTU_672	4	3	1	2	3	0	0	0	0	0	0	0	0	0	0	2	3	3	1	4	0	0	0	0	1	1	1	2	0	0	0	1	0	0	0	0	0	0	0	1
OTU_673	4	4	5	2	2	0	1	0	0	1	0	0	0	0	0	2	1	1	7	2	0	0	0	0	1	1	0	0	0	0	1	0	0	0	0	0	0	0	0	1
OTU_674	1	1	2	2	1	0	0	0	0	1	0	0	0	1	0	2	5	2	0	1	0	0	0	0	4	1	6	0	1	4	1	0	1	2	0	1	3	0	2	1
OTU_675	7	0	1	0	0	0	1	0	0	0	0	0	0	0	0	3	3	2	1	1	0	0	0	2	0	2	0	0	0	0	1	2	0	0	0	0	0	2	0	0
OTU_676	3	10	7	1	4	0	1	1	0	1	0	0	1	1	0	8	8	7	4	4	0	2	0	1	0	2	2	1	3	2	1	1	0	1	0	2	1	1	2	1
OTU_677	4	6	3	3	4	2	0	2	1	4	0	0	5	10	3	3	3	4	3	2	2	4	0	7	3	12	2	5	0	2	24	5	1	0	0	0	0	5	0	1
OTU_678	0	0	0	0	0	0	0	0	0	0	0	0	0	0	0	0	0	0	0	0	0	0	0	0	1	0	0	0	0	8	0	0	0	0	0	1	0	0	0	0
OTU_68	9	15	0	2	0	1	19	54	31	20	3	127	26	5	40	12	28	0	1	0	3	21	2	22	20	5	3	11	34	6	1	6	22	7	7	9	4	12	32	7
OTU_680	0	0	0	2	0	0	0	0	0	0	0	0	0	0	0	0	1	0	2	1	0	0	0	0	0	0	4	0	0	0	0	0	0	0	2	1	2	0	0	0
OTU_682	13	1	4	4	8	0	0	0	0	2	0	0	1	3	0	8	1	2	3	3	0	3	0	1	2	4	2	2	1	1	1	2	0	0	0	0	0	1	0	0
OTU_683	1	1	3	3	0	0	0	0	0	0	0	0	0	0	0	1	1	1	0	1	0	0	0	0	0	2	3	0	6	5	0	2	1	1	1	3	1	0	2	1
OTU_684	0	0	0	0	0	0	0	0	0	0	0	0	0	0	0	0	0	0	0	0	0	0	0	0	0	3	0	0	1	0	0	4	1	0	0	4	0	0	0	1
OTU_685	2	4	3	12	2	0	0	0	2	1	0	0	1	1	2	8	3	2	11	2	0	2	0	2	1	1	0	2	1	0	2	1	2	0	0	0	1	2	1	0
OTU_687	0	2	0	1	0	0	0	0	0	0	0	0	0	0	1	0	2	0	0	0	0	0	0	0	0	0	2	0	1	2	0	0	0	0	0	1	2	0	0	3
OTU_688	5	2	4	5	5	0	1	1	0	1	0	0	1	1	0	8	3	5	4	6	0	0	0	1	1	1	0	1	0	0	1	2	0	1	0	1	0	3	0	0
OTU_689	1	2	4	6	2	0	0	1	0	0	0	4	1	1	1	2	2	4	6	1	1	1	0	2	0	1	1	1	0	1	0	2	2	0	2	1	0	0	0	0
OTU_69	40	33	19	10	30	4	39	10	26	10	6	24	3	24	18	42	31	16	14	28	5	18	5	6	29	9	39	44	0	92	6	4	1	24	14	23	23	29	0	38
OTU_690	0	1	5	1	0	0	1	1	0	1	0	0	4	1	0	2	3	6	1	1	0	0	0	3	0	1	4	1	0	0	0	1	0	1	0	1	4	0	0	0
OTU_691	0	1	0	1	0	0	0	0	0	0	0	0	0	0	0	0	1	1	0	0	0	0	0	0	0	0	0	0	0	0	1	1	0	0	1	0	1	0	0	0
OTU_692	2	1	0	1	0	0	12	3	2	3	0	2	0	3	2	1	1	1	2	0	0	4	0	0	5	2	2	5	0	1	3	1	3	1	0	5	1	3	1	0
OTU_693	2	0	0	1	2	0	0	0	0	0	0	0	0	1	0	5	1	0	0	2	0	0	0	1	1	0	0	0	0	0	0	0	0	0	0	0	0	0	0	0
OTU_694	2	0	0	0	1	0	0	0	1	0	0	0	0	0	0	3	2	2	3	2	0	1	0	0	0	1	0	0	0	0	0	0	0	0	0	0	0	0	0	0
OTU_695	2	2	0	2	2	0	1	0	0	0	0	0	1	0	0	0	1	1	0	3	0	0	0	0	1	0	1	0	1	2	0	0	1	0	1	1	1	0	2	1
OTU_696	3	5	10	12	1	0	0	0	0	0	0	0	0	0	0	5	2	13	12	16	0	0	0	0	0	0	0	0	0	0	0	0	0	0	0	0	0	0	0	0
OTU_698	0	0	0	0	0	0	1	0	0	0	0	0	0	0	1	0	0	0	0	0	0	0	0	0	1	0	1	0	0	1	0	0	0	0	0	0	0	0	0	2
OTU_699	1	1	0	0	0	2	128	4	1	0	23	2	0	1	1	0	0	0	0	0	2	0	19	1	2	13	1	0	35	2	1	8	22	1	79	1	2	0	38	3
OTU_7	7	3	8	8	3	25	99	234	101	324	71	247	239	271	336	2	7	6	9	2	32	354	54	217	296	110	270	91	733	214	36	178	405	384	214	227	324	114	812	131
OTU_70	270	299	294	193	238	24	119	87	48	166	14	28	86	129	149	284	350	319	254	268	23	185	11	98	202	140	158	97	135	140	126	99	107	61	40	112	101	84	135	76
OTU_700	1	7	3	5	3	0	1	6	0	0	0	0	3	2	1	6	5	3	3	6	0	6	0	1	0	3	0	3	5	1	6	3	4	1	1	4	1	3	2	0
OTU_702	8	6	7	13	8	0	0	1	0	0	0	0	0	0	0	11	7	5	7	16	0	2	0	1	0	2	1	1	0	0	0	1	0	0	0	0	1	1	0	0
OTU_703	2	1	5	1	4	0	1	0	0	0	0	0	0	1	0	5	3	5	2	6	0	0	0	1	1	0	0	1	0	0	0	0	0	0	0	0	0	0	0	0
OTU_704	3	5	2	2	5	0	0	0	0	0	0	0	0	0	0	2	3	6	2	5	0	0	0	0	0	0	0	0	0	0	0	0	0	0	0	0	0	0	0	0
OTU_705	6	6	7	8	4	0	5	3	3	8	1	3	9	6	1	5	6	4	8	1	0	15	0	8	1	5	4	4	84	22	4	3	55	1	1	4	6	1	63	10
OTU_706	1	0	3	5	1	0	2	5	6	4	0	8	2	3	2	2	1	1	2	2	0	7	0	1	4	5	9	1	8	33	1	4	7	4	11	11	5	1	10	14
OTU_708	1	5	0	1	0	0	0	0	0	0	0	0	0	0	0	1	3	3	2	1	0	0	0	0	1	0	0	0	0	0	0	0	0	0	0	0	1	0	0	1
OTU_709	20	17	12	14	13	0	0	3	1	3	0	0	2	2	0	10	17	17	15	22	0	4	0	4	3	3	2	2	0	4	1	1	2	1	0	1	1	3	1	1
OTU_71	12	10	8	26	5	0	4	18	17	6	1	2	4	2	6	8	10	9	21	4	0	8	0	3	6	24	65	2	145	118	4	42	91	12	46	49	60	2	155	71
OTU_710	0	0	1	1	0	0	0	0	0	0	0	0	0	0	0	0	0	0	0	0	0	0	0	0	0	1	0	2	0	0	0	0	1	0	1	3	0	0	0	0
OTU_712	2	3	3	1	3	0	0	0	0	0	0	0	0	1	1	2	6	4	3	4	0	0	0	0	3	3	0	0	0	0	1	1	0	0	0	0	0	0	0	0
OTU_713	1	3	0	1	0	0	1	0	0	0	0	0	0	0	0	0	3	1	1	0	0	0	0	0	2	1	0	1	3	1	1	2	0	0	0	1	0	0	1	0
OTU_714	5	2	1	3	2	0	0	0	0	0	0	0	1	0	0	2	2	1	1	1	0	1	0	1	0	1	1	0	0	1	0	0	0	0	0	1	1	0	0	0
OTU_716	2	0	1	2	1	0	1	0	0	0	0	0	0	0	0	0	1	1	1	1	0	0	0	0	0	2	0	0	0	2	1	1	0	1	0	0	1	0	0	0
OTU_717	1	11	0	0	0	0	0	0	0	0	0	0	0	1	1	1	17	0	0	0	0	0	0	0	0	0	2	1	0	1	0	0	1	0	0	1	1	0	0	0
OTU_718	1	3	3	4	3	0	0	0	0	0	0	0	0	0	0	2	4	3	5	2	0	1	0	0	0	0	2	0	0	1	1	0	0	0	1	1	1	0	0	0
OTU_72	202	191	189	113	156	4	17	11	13	28	3	3	10	19	23	244	212	155	127	160	6	40	4	24	48	25	2	16	4	4	16	18	7	4	2	3	4	9	3	0
OTU_720	0	1	6	6	9	0	0	0	0	1	0	0	0	0	0	3	1	4	7	11	0	0	0	0	0	0	1	0	0	0	0	0	0	0	0	0	0	0	0	0
OTU_722	0	4	0	2	2	0	0	0	0	1	0	0	0	0	0	1	4	1	2	1	0	2	0	0	0	2	0	0	0	2	0	3	1	0	0	1	4	0	0	1
OTU_723	6	9	6	12	9	0	0	0	0	0	0	0	0	0	0	5	7	6	5	11	0	0	0	0	0	0	0	0	0	0	1	0	0	0	0	0	0	0	0	0
OTU_725	6	2	4	3	2	0	0	0	0	0	0	0	0	0	1	7	5	4	2	3	0	0	0	0	0	0	0	1	0	1	0	0	0	0	0	0	0	0	0	0
OTU_727	1	1	4	1	6	0	0	0	0	1	0	0	0	0	1	2	2	2	5	3	0	0	0	0	0	1	0	1	0	0	0	0	0	0	0	0	1	0	0	0
OTU_729	2	2	0	1	2	0	0	1	0	0	0	0	2	0	0	1	3	1	0	2	0	1	0	2	0	6	3	4	0	0	1	3	0	0	0	0	1	2	0	0
OTU_73	14	7	7	3	7	0	4	9	20	12	4	106	5	18	7	17	6	6	9	6	0	15	3	8	8	28	41	6	1	11	6	22	10	0	2	5	21	4	2	4
OTU_730	4	0	10	5	9	0	0	0	0	0	0	0	0	0	0	4	0	6	7	12	0	0	0	0	0	1	0	0	0	0	0	0	0	0	0	0	0	0	0	0
OTU_731	2	1	1	2	1	0	0	1	0	0	0	0	0	0	0	2	1	0	4	1	0	0	0	0	0	1	0	0	0	4	0	0	0	0	0	1	0	0	0	1
OTU_733	16	1	4	4	4	0	0	0	0	0	0	0	0	0	0	11	1	2	0	2	0	0	0	0	0	0	0	3	0	0	0	0	0	0	0	0	0	1	0	0
OTU_734	3	3	1	3	2	0	0	3	0	0	0	0	3	2	1	2	3	1	4	3	0	1	0	1	1	2	0	1	4	2	2	2	3	2	1	8	1	2	2	0
OTU_736	10	9	3	3	10	0	1	4	3	3	0	1	3	1	3	9	12	6	7	7	0	3	1	4	4	9	31	2	3	6	3	2	3	0	1	2	8	2	3	1
OTU_737	1	2	2	2	2	0	0	0	0	0	0	0	0	0	1	2	2	2	3	4	0	0	0	0	0	1	2	0	0	0	1	0	0	0	0	0	1	0	0	0
OTU_739	7	14	7	3	4	0	1	1	1	1	0	0	0	1	1	5	17	7	1	4	0	0	0	1	1	8	0	2	0	0	1	3	0	0	0	0	0	1	0	0
OTU_74	5	15	0	3	0	0	11	16	9	9	2	13	8	1	13	2	13	0	2	2	0	7	2	7	16	3	13	2	25	10	1	6	14	143	3	3	7	0	28	6
OTU_740	6	3	2	6	1	0	0	0	0	0	0	0	0	0	1	5	4	3	7	3	0	0	0	0	1	1	2	0	2	0	0	0	0	0	0	1	0	0	0	1
OTU_742	1	1	1	1	1	0	0	1	1	0	0	0	0	0	1	0	0	1	0	1	0	0	0	1	1	0	0	0	0	0	0	0	0	0	0	0	0	0	0	0
OTU_743	1	3	2	1	3	0	0	0	0	0	0	0	0	0	0	0	1	0	1	4	0	0	0	0	0	0	1	0	0	0	0	0	0	0	0	0	1	0	0	0
OTU_745	13	5	7	11	13	0	0	2	1	3	0	1	2	4	3	12	9	10	8	15	1	2	0	1	2	1	2	2	0	2	2	1	0	0	0	0	1	2	0	0
OTU_746	1	0	6	1	1	0	0	0	0	0	0	0	0	0	0	0	0	6	2	0	0	0	0	0	1	0	0	0	0	0	0	0	0	0	1	0	0	0	0	0
OTU_747	4	1	0	2	1	0	0	0	0	0	0	0	0	0	1	3	1	1	2	4	0	0	0	0	0	0	0	0	0	0	0	0	0	0	0	0	0	0	0	0
OTU_749	0	2	1	2	1	0	0	0	0	0	0	0	0	0	0	2	2	3	2	1	0	0	0	1	0	0	0	1	0	0	0	0	0	0	0	0	0	0	0	0
OTU_75	36	30	25	55	36	2	23	27	6	9	1	6	19	10	11	41	33	27	44	28	2	8	3	16	8	19	19	61	17	10	64	32	31	6	5	25	21	69	20	13
OTU_750	2	1	0	0	0	0	1	0	0	0	0	0	0	1	0	1	0	0	1	0	0	0	0	0	1	3	0	1	0	3	3	3	1	0	0	0	0	0	0	0
OTU_751	7	9	13	6	4	0	0	1	1	1	0	0	1	1	0	5	5	12	9	7	0	2	0	1	0	1	8	1	1	3	2	1	1	2	1	3	5	0	1	3
OTU_752	1	0	3	1	2	0	1	0	0	0	0	0	0	0	0	1	1	1	0	2	0	0	0	0	0	0	0	1	0	0	0	0	0	0	1	0	0	0	0	0
OTU_753	3	1	1	0	0	0	0	0	0	0	0	0	0	0	0	2	1	2	0	0	0	0	0	0	0	1	2	0	1	2	0	0	1	0	0	1	1	0	1	0
OTU_754	8	4	7	5	3	0	0	3	0	1	0	0	1	1	1	5	6	8	4	3	0	3	0	1	1	0	7	1	0	2	1	1	0	0	0	1	7	1	0	0
OTU_755	2	2	1	0	1	0	0	1	0	1	0	0	1	1	0	2	2	2	0	0	0	1	0	1	1	0	2	2	0	2	5	1	1	0	1	0	0	1	0	0
OTU_757	0	0	0	0	0	0	0	0	0	0	0	0	0	0	0	0	0	0	0	0	0	0	0	0	0	2	14	0	1	0	0	2	0	0	1	2	5	0	1	1
OTU_758	1	1	0	1	0	0	1	0	0	0	0	0	0	0	0	1	1	1	1	0	0	0	0	0	0	2	1	0	0	0	0	1	1	0	0	1	0	0	1	0
OTU_759	1	2	2	4	5	0	0	0	0	0	0	0	0	0	0	2	2	1	7	5	0	0	0	0	0	0	0	0	0	0	0	0	0	0	0	0	0	1	0	0
OTU_76	34	39	28	37	29	2	11	13	7	15	1	2	15	16	7	38	29	39	40	34	2	23	1	23	4	107	135	49	249	119	21	63	122	34	33	81	68	26	190	51
OTU_760	10	4	10	7	6	0	1	0	0	0	0	0	1	0	0	10	3	7	8	10	0	2	0	1	0	0	0	1	0	0	0	0	0	0	0	0	0	0	0	0
OTU_761	1	12	0	0	1	0	0	0	0	0	0	0	0	0	0	0	11	0	0	0	0	0	0	0	1	0	0	0	0	0	0	0	0	0	0	0	0	1	0	0
OTU_762	0	0	0	1	0	0	0	0	0	0	0	0	0	0	0	1	0	1	0	0	0	0	0	0	1	1	1	0	1	1	2	1	2	0	1	0	2	1	1	0
OTU_763	6	3	9	4	8	0	0	0	0	0	0	0	0	0	0	5	3	9	9	11	0	0	0	0	0	0	0	0	0	0	0	0	0	0	0	0	0	0	0	0
OTU_764	1	1	1	2	4	0	0	0	0	0	0	0	0	0	1	2	2	2	1	3	0	0	0	1	1	1	0	0	0	0	0	0	0	0	0	0	0	0	0	0
OTU_765	0	0	0	0	0	0	1	1	1	0	0	1	0	0	0	0	0	0	0	0	0	0	0	0	0	2	0	0	0	0	0	5	12	0	0	0	0	0	0	1
OTU_766	3	1	2	2	2	0	3	1	1	1	0	0	2	1	3	0	2	3	1	2	0	1	0	3	2	0	5	0	0	0	0	1	0	0	0	1	1	1	0	1
OTU_767	1	3	2	2	2	0	0	0	0	0	0	0	0	0	1	1	2	2	1	2	0	1	0	1	0	1	0	0	0	0	0	1	0	0	0	1	0	0	0	0
OTU_768	4	6	3	1	1	0	7	3	4	4	0	9	1	1	6	6	5	3	2	4	0	4	0	1	11	3	8	1	2	1	2	2	2	1	21	2	2	2	2	1
OTU_77	113	88	116	95	104	4	45	35	31	35	4	14	43	44	36	123	83	109	121	116	5	46	5	62	54	83	111	19	83	83	32	47	51	45	129	49	74	15	80	43
OTU_770	0	0	2	1	0	0	0	0	0	0	0	0	0	0	0	3	1	0	0	3	0	0	0	1	0	0	0	0	0	0	3	0	0	0	0	1	1	0	0	0
OTU_771	1	0	0	0	0	0	0	3	0	1	0	0	0	0	0	0	0	0	0	0	0	0	0	0	0	0	1	0	0	0	0	0	0	0	0	0	0	0	0	0
OTU_772	1	1	0	1	1	0	0	0	0	0	0	1	0	1	0	2	1	0	0	1	0	0	0	0	1	0	2	1	0	4	0	0	0	0	0	0	0	0	0	1
OTU_773	1	0	0	2	0	0	0	0	0	0	0	0	0	0	0	0	0	1	0	0	0	0	0	0	0	0	1	1	1	3	1	0	1	0	0	1	2	0	0	1
OTU_774	1	2	3	5	3	0	0	0	0	0	0	0	0	0	0	2	2	3	9	3	0	1	0	0	0	1	0	0	0	1	0	0	0	0	0	1	0	0	0	0
OTU_775	8	2	2	1	1	0	0	0	0	0	0	0	0	0	0	7	2	2	1	1	0	0	0	0	0	0	2	1	0	0	0	0	0	0	0	0	0	1	0	0
OTU_776	3	6	1	2	1	0	0	0	0	0	0	0	0	0	0	3	2	2	2	1	0	0	0	0	0	1	0	1	0	0	1	1	1	0	0	0	0	1	0	0
OTU_778	7	8	1	4	0	0	0	0	0	0	0	0	0	0	0	4	7	1	5	0	0	0	0	0	0	1	0	0	0	0	0	0	0	0	0	0	0	0	0	0
OTU_78	9	18	3	3	4	2	5	11	25	18	1	31	14	6	20	8	20	9	8	3	2	20	2	14	41	13	40	2	16	22	2	3	4	5	4	16	13	0	11	14
OTU_780	9	6	9	7	10	0	2	1	0	2	0	2	2	5	1	7	8	11	15	11	0	2	0	2	1	4	2	4	0	0	4	2	1	1	1	0	0	2	1	1
OTU_781	22	11	18	12	11	0	1	1	0	1	0	0	2	1	1	20	15	25	15	11	1	2	0	4	0	2	2	2	0	0	2	3	1	1	0	2	1	1	1	0
OTU_783	3	2	4	5	0	0	1	1	1	1	0	1	1	1	1	6	2	2	4	6	0	3	0	0	2	4	1	0	2	2	2	2	3	2	2	1	2	1	2	1
OTU_784	1	2	1	1	0	0	0	0	0	0	0	0	0	0	0	0	1	1	1	1	0	0	0	0	1	1	0	0	0	0	0	0	0	1	0	1	0	0	1	1
OTU_785	0	1	5	3	3	0	0	0	0	0	0	0	0	0	0	0	2	4	5	6	0	0	0	0	0	0	0	0	0	0	0	0	0	0	0	0	0	0	0	0
OTU_786	4	2	2	4	3	0	0	0	0	0	0	0	0	0	0	6	5	7	3	5	0	0	0	0	0	0	0	0	0	0	0	0	0	0	0	0	0	0	0	0
OTU_788	3	2	4	4	4	0	0	0	0	0	0	0	0	0	0	2	1	7	4	4	0	0	0	0	0	0	0	0	0	0	0	0	0	0	0	0	0	0	0	0
OTU_789	1	0	0	0	0	0	0	1	1	1	0	1	1	0	1	1	0	0	0	0	0	2	0	1	1	0	0	0	1	1	0	0	0	0	0	0	1	0	0	0
OTU_79	38	20	22	26	18	1	11	20	4	24	1	3	8	6	7	39	16	17	19	17	1	26	0	6	6	19	18	34	14	16	14	33	16	5	6	19	13	46	25	12
OTU_790	0	0	0	0	0	0	0	1	0	0	0	1	0	0	0	0	0	0	0	0	0	1	0	0	0	0	0	0	0	0	0	0	0	0	0	0	0	0	0	0
OTU_792	1	2	0	1	0	0	0	1	0	0	0	0	0	0	1	2	0	0	0	1	0	0	0	0	1	1	0	1	0	3	1	0	0	0	0	0	2	0	0	1
OTU_795	1	1	0	0	0	0	1	1	0	1	0	0	0	0	0	0	1	0	0	0	0	0	0	0	1	2	4	0	4	29	1	1	4	0	6	3	3	0	3	10
OTU_797	1	4	5	6	2	0	0	0	0	0	0	0	0	0	0	2	1	4	6	6	0	1	0	0	0	0	0	0	0	0	0	0	0	0	0	0	0	0	0	0
OTU_798	21	15	17	29	5	0	1	1	1	1	1	1	1	2	1	33	6	17	14	39	1	4	0	3	3	1	1	1	0	2	2	1	1	0	1	0	1	2	1	0
OTU_799	2	0	5	2	4	0	0	0	0	0	0	0	0	0	0	2	0	4	5	5	0	0	0	0	0	0	0	0	0	0	0	0	0	0	0	0	0	0	0	0
OTU_8	30	32	31	66	71	107	180	257	93	51	51	81	170	76	241	43	38	29	61	78	135	47	43	151	234	461	187	368	297	206	697	690	301	71	125	375	222	468	325	147
OTU_80	61	28	14	47	35	1	26	35	17	10	1	4	13	5	9	65	34	21	38	25	1	12	1	10	13	25	83	9	58	100	39	43	29	8	12	85	91	11	53	56
OTU_800	1	0	0	1	0	0	0	0	0	0	0	0	1	1	0	2	1	1	0	1	0	0	0	0	0	1	4	1	1	3	1	1	1	0	1	0	1	1	0	1
OTU_801	11	6	3	0	9	0	0	0	0	0	0	0	0	0	0	0	7	4	7	0	0	0	0	0	0	0	0	0	0	0	0	0	0	0	0	0	0	0	0	0
OTU_802	2	7	4	4	2	0	2	2	1	3	0	0	2	1	1	5	9	6	5	4	0	1	0	1	2	4	4	4	3	7	1	2	2	1	1	1	2	4	2	4
OTU_803	4	2	2	2	2	0	0	0	0	0	0	0	0	0	0	3	2	3	3	3	0	0	0	0	1	1	8	1	0	0	0	0	1	0	0	0	4	0	0	0
OTU_804	32	8	16	9	15	0	2	3	1	2	0	1	1	6	1	30	7	16	5	14	0	3	0	1	1	0	2	6	0	0	1	0	1	0	0	0	1	5	1	0
OTU_805	8	2	9	5	13	0	1	2	0	0	0	0	1	1	0	8	5	8	8	13	0	1	0	0	1	1	0	2	3	2	1	1	1	0	1	1	2	2	0	0
OTU_806	22	21	13	18	18	0	8	13	13	2	0	1	8	2	4	21	21	15	15	15	0	2	0	5	3	15	5	5	4	7	5	25	6	1	2	9	10	5	5	4
OTU_807	0	0	0	0	0	0	0	0	0	0	0	0	0	0	0	0	0	0	0	0	0	0	0	1	0	0	2	0	0	3	0	0	0	1	0	0	0	0	0	2
OTU_81	123	151	171	147	173	4	19	31	16	42	5	8	32	38	28	150	168	202	196	202	4	58	4	41	41	63	109	33	21	33	33	36	20	12	13	30	66	27	19	30
OTU_810	1	1	2	1	0	0	0	0	0	0	0	0	0	0	0	1	0	0	0	0	0	0	0	0	0	0	0	0	0	2	1	0	0	0	0	0	1	0	0	0
OTU_811	1	6	4	5	9	0	0	0	0	0	0	0	0	0	0	3	3	7	4	11	0	1	0	0	0	0	0	0	0	0	0	0	0	0	0	0	0	0	0	0
OTU_813	32	43	48	31	18	1	0	2	0	2	0	1	2	1	2	31	37	47	25	29	0	5	0	2	0	4	8	0	4	12	1	3	1	1	1	7	7	2	3	4
OTU_814	0	0	0	0	0	0	0	0	0	0	0	2	0	0	0	0	0	0	0	0	0	0	0	0	0	0	0	0	0	0	0	0	0	0	0	0	0	0	0	1
OTU_815	0	0	0	0	0	0	1	0	0	0	0	0	0	0	1	0	0	0	0	0	0	0	0	0	1	0	0	0	0	3	0	0	0	2	0	0	0	0	0	0
OTU_816	8	23	21	42	28	0	0	3	0	0	0	0	1	1	0	8	17	27	32	16	0	2	0	0	0	1	2	1	0	0	1	2	0	0	0	0	0	1	1	0
OTU_817	0	1	2	1	0	1	2	7	2	4	1	0	48	7	0	0	0	0	1	0	0	6	2	37	0	5	2	9	18	6	5	8	40	0	5	4	1	10	16	0
OTU_818	0	0	0	0	0	0	0	0	0	0	0	0	0	0	1	0	0	0	0	0	0	0	1	0	0	0	0	0	0	5	0	0	0	0	0	0	0	0	0	0
OTU_819	6	5	7	13	8	0	1	3	1	1	0	0	2	1	1	4	1	5	13	7	0	2	0	1	1	4	2	1	1	1	1	2	1	0	0	1	2	1	1	0
OTU_82	2	3	2	2	6	1	3	2	2	4	0	1	2	2	1	2	3	1	4	1	0	5	0	2	3	32	14	5	16	24	17	31	13	2	3	147	7	2	17	13
OTU_820	3	4	4	5	9	0	0	0	0	0	0	0	0	1	0	5	4	7	5	7	0	0	0	1	0	1	0	0	0	0	0	1	0	0	0	0	0	0	0	1
OTU_821	4	7	4	5	7	0	0	1	0	1	0	0	0	0	0	2	4	5	9	10	0	2	0	1	1	1	2	1	0	1	1	1	0	1	1	0	2	0	0	1
OTU_822	9	8	14	7	17	0	1	0	0	0	0	0	0	1	1	14	11	7	15	18	0	1	0	0	2	1	1	1	0	0	0	0	0	0	0	0	0	0	0	0
OTU_823	3	1	8	7	11	0	0	0	0	0	0	0	0	0	0	1	4	10	12	13	0	1	0	0	0	1	0	0	0	0	0	0	0	0	0	0	0	0	0	0
OTU_824	0	0	0	0	0	0	0	0	0	0	0	0	0	0	0	0	0	0	2	1	0	0	0	0	0	0	0	4	0	0	0	0	0	0	0	0	0	2	0	0
OTU_825	0	0	0	0	0	0	1	1	0	1	0	0	1	0	0	0	0	0	0	0	0	1	0	0	0	1	0	0	0	0	0	0	0	0	0	0	0	0	0	0
OTU_826	1	0	0	0	0	0	0	0	0	0	0	0	0	0	0	0	0	0	0	0	0	0	0	0	0	7	0	0	0	0	0	3	1	0	0	0	0	0	0	0
OTU_827	1	1	3	3	2	0	0	0	0	1	0	0	1	0	0	1	1	6	3	1	0	1	0	1	1	1	7	0	4	4	0	0	1	1	1	2	2	0	3	3
OTU_828	13	1	7	10	1	0	0	0	0	0	0	0	1	0	0	14	3	10	12	4	0	0	0	0	0	2	0	0	0	4	1	2	1	0	1	0	0	0	0	3
OTU_829	2	2	2	1	3	0	0	0	0	0	0	0	0	0	0	3	1	4	2	3	0	1	0	1	0	0	0	0	0	0	0	0	0	0	0	0	0	0	0	0
OTU_83	1	1	3	2	1	3	4	11	0	4	1	1	22	8	7	0	1	1	1	2	2	10	1	34	11	22	7	10	4	7	27	15	6	2	6	7	8	7	3	3
OTU_831	6	1	0	1	2	0	0	0	0	0	0	0	0	0	0	3	0	1	1	2	0	0	0	0	1	1	0	0	0	0	0	0	0	0	0	0	1	1	0	0
OTU_832	0	0	0	0	1	0	1	1	0	0	0	1	1	1	0	0	0	0	0	1	0	0	0	0	0	1	6	0	0	2	1	1	0	0	0	0	3	0	0	0
OTU_833	0	0	0	0	0	0	0	0	0	0	0	0	0	0	0	1	0	0	0	0	0	0	0	0	0	0	0	2	0	0	0	0	1	0	0	0	0	5	0	0
OTU_834	5	1	0	1	2	0	1	3	0	1	0	0	2	1	1	2	1	1	0	2	0	2	0	2	1	2	3	6	0	0	4	3	6	1	1	1	2	9	2	1
OTU_835	4	3	2	5	0	0	0	0	0	0	0	0	1	0	0	7	1	2	0	5	0	1	0	0	0	0	0	1	0	1	0	0	0	0	1	0	1	0	0	0
OTU_836	0	0	1	1	0	0	0	0	0	0	0	0	0	0	0	0	1	1	2	1	0	0	0	0	0	1	0	0	0	0	0	0	0	0	0	1	0	0	0	0
OTU_837	1	4	2	4	7	0	0	0	0	0	0	0	0	0	0	2	5	9	7	10	0	0	0	0	0	0	0	0	0	0	1	0	0	0	0	0	0	0	0	0
OTU_838	1	0	0	1	0	0	0	0	0	0	0	0	0	0	0	0	0	0	0	0	0	0	0	0	0	0	2	0	1	3	0	0	1	0	0	1	2	0	1	2
OTU_839	3	1	0	1	1	0	0	0	0	0	0	0	0	0	0	1	2	3	1	1	0	0	0	0	0	0	0	0	0	0	0	1	0	0	0	0	0	0	0	0
OTU_84	2	1	1	1	2	1	9	3	4	2	1	4	10	2	1	4	4	1	2	1	0	1	1	7	1	6	27	2	35	59	5	8	140	4	71	8	36	5	38	34
OTU_840	15	6	6	7	8	0	0	0	0	0	0	0	0	1	0	16	6	10	8	10	0	1	0	1	0	0	0	1	0	0	0	0	1	0	0	1	0	0	0	0
OTU_841	3	5	3	7	4	0	0	0	0	0	0	0	0	0	0	2	4	8	4	5	0	1	0	0	0	0	1	0	0	1	0	0	0	0	0	0	0	0	0	1
OTU_842	6	4	4	1	4	0	0	0	0	1	0	0	0	1	0	6	3	2	2	2	0	0	0	0	1	0	0	1	0	0	1	0	1	0	1	0	1	0	0	0
OTU_843	11	6	7	9	5	0	0	0	0	0	0	0	0	0	0	9	3	6	7	6	0	0	0	1	0	1	0	0	0	0	0	0	0	0	0	0	1	0	0	0
OTU_844	1	0	2	0	0	0	0	1	0	0	0	0	0	0	2	1	1	1	1	1	0	0	0	0	1	0	0	0	0	0	0	0	0	0	0	1	0	0	0	0
OTU_845	2	3	1	1	2	0	0	0	0	0	0	0	0	0	0	3	5	4	2	3	0	1	0	0	2	1	1	1	0	4	2	1	1	0	1	1	0	0	0	2
OTU_846	2	7	4	4	4	2	4	10	4	7	5	9	20	12	15	5	5	2	10	3	1	6	3	19	20	9	9	2	4	3	7	5	2	3	3	6	7	2	4	3
OTU_847	1	3	2	3	4	0	0	0	0	0	0	0	0	0	0	2	2	3	4	4	0	0	0	0	0	0	1	1	0	0	0	0	0	0	0	0	0	0	0	0
OTU_849	0	1	1	0	0	0	0	0	0	0	0	0	0	0	0	0	0	0	1	0	0	0	0	0	0	1	2	0	2	2	0	1	1	0	1	2	1	0	3	2
OTU_85	81	58	80	82	66	2	14	47	12	42	3	3	17	12	8	67	65	74	72	60	4	50	2	15	8	22	54	27	207	110	20	39	79	11	86	70	54	28	197	70
OTU_850	0	0	0	5	0	0	0	1	1	0	0	1	1	0	0	3	0	0	0	0	0	1	0	1	1	0	0	1	0	1	0	0	1	0	0	0	1	0	0	0
OTU_851	1	0	0	0	0	0	0	0	1	0	0	0	0	0	0	0	0	0	0	0	0	2	0	1	0	0	0	0	0	1	0	0	0	0	0	0	0	0	0	0
OTU_852	1	2	2	3	5	0	0	0	0	0	0	0	0	0	0	1	3	5	5	5	0	0	0	0	0	1	0	0	0	1	0	0	0	0	0	0	0	0	0	0
OTU_853	20	29	32	28	32	1	0	3	3	6	0	1	3	5	6	22	30	38	35	32	1	8	0	3	4	3	3	4	1	3	5	5	1	1	2	1	4	2	1	1
OTU_854	3	1	0	2	0	0	0	1	1	0	0	1	0	0	0	2	0	0	0	3	0	1	0	1	0	1	0	1	0	2	1	0	1	0	1	0	2	0	0	0
OTU_856	1	5	9	4	7	0	1	0	0	1	0	0	0	1	0	3	4	8	5	6	0	1	0	1	1	2	3	0	0	0	2	1	0	0	0	1	0	1	0	0
OTU_857	1	3	4	1	2	0	0	2	0	0	0	0	0	0	3	1	4	4	0	2	0	0	0	0	4	0	0	0	0	0	0	0	0	0	0	0	0	0	0	0
OTU_858	0	0	0	0	0	0	0	0	0	0	0	0	0	0	3	0	0	0	0	0	0	0	0	0	0	0	0	0	0	0	0	0	0	0	0	7	0	0	0	0
OTU_859	1	0	0	1	0	0	0	0	0	0	0	0	0	2	0	0	0	1	0	0	0	0	0	0	0	0	0	0	0	0	0	0	0	0	0	0	0	0	0	0
OTU_86	26	17	13	7	12	2	16	13	13	13	3	11	26	29	14	23	19	12	6	12	2	11	3	26	16	71	8	36	1	8	76	59	14	1	3	3	9	28	2	3
OTU_860	1	0	0	0	0	0	0	0	0	1	0	0	0	0	0	1	0	0	0	0	0	0	0	0	0	0	0	0	0	0	0	0	0	1	0	0	1	0	0	0
OTU_861	1	0	2	1	1	0	0	1	0	1	0	0	1	1	0	2	2	1	2	3	0	0	0	2	1	1	2	2	0	1	1	1	1	1	0	0	0	3	0	0
OTU_863	0	0	0	0	0	0	0	0	0	0	0	0	1	0	0	0	0	0	0	0	0	1	0	0	1	1	1	0	0	1	0	0	1	0	0	1	1	0	0	1
OTU_864	9	7	9	4	5	0	1	1	0	1	0	0	1	1	1	3	3	6	4	8	1	2	0	2	1	3	4	1	5	5	1	1	2	1	1	1	2	1	2	0
OTU_865	0	3	2	3	5	0	0	0	0	0	0	0	0	0	0	2	3	5	5	5	0	1	0	1	0	0	0	0	0	0	0	0	0	0	0	0	0	0	0	0
OTU_866	3	1	3	3	1	0	0	0	0	0	0	0	0	0	1	4	4	2	4	1	0	1	0	0	1	0	0	0	0	0	0	0	0	0	0	0	0	0	0	0
OTU_867	0	0	0	2	1	0	0	0	0	0	0	0	0	0	0	0	0	0	1	3	0	0	0	0	0	0	0	0	0	0	2	0	0	0	0	0	0	0	0	0
OTU_868	1	0	0	0	1	0	0	0	0	0	0	1	0	0	0	0	2	1	1	0	0	0	0	0	0	1	1	0	0	3	0	1	1	0	1	0	2	0	0	0
OTU_869	0	0	0	0	0	0	0	0	0	0	0	0	0	0	0	0	0	0	0	0	0	0	0	0	0	1	0	0	0	4	0	0	1	1	0	0	0	0	0	1
OTU_87	9	18	11	39	4	0	2	14	8	6	1	1	2	1	3	13	24	10	38	6	0	6	2	3	5	6	23	10	64	108	4	7	17	3	5	22	27	13	69	55
OTU_870	0	1	2	2	0	0	2	0	0	0	0	0	0	0	0	0	2	1	0	2	0	1	0	0	0	1	0	0	0	0	0	0	3	1	0	0	0	0	1	0
OTU_871	3	5	6	3	4	0	0	0	0	1	0	0	0	1	1	2	5	5	5	6	0	1	0	0	1	0	3	0	0	1	1	0	0	0	1	0	2	0	0	0
OTU_872	0	0	0	0	0	0	0	0	0	1	0	0	0	0	0	0	0	0	0	0	0	0	0	0	1	0	1	0	0	1	0	0	0	0	0	0	0	0	0	1
OTU_875	1	2	2	0	0	0	0	0	0	0	0	0	0	0	0	0	1	1	1	1	0	0	0	0	0	1	4	0	0	7	0	0	0	0	1	2	4	0	0	1
OTU_876	1	1	0	2	1	0	0	0	0	0	0	0	1	0	0	0	1	0	0	0	0	0	0	1	0	1	0	0	0	0	0	0	0	0	0	0	0	0	0	0
OTU_878	1	0	0	1	0	0	0	0	0	0	0	0	0	0	0	1	1	1	0	0	0	0	0	0	0	1	1	0	2	1	0	0	1	0	0	0	1	1	0	0
OTU_879	9	8	19	8	22	1	8	4	4	2	1	4	5	9	6	7	11	17	14	13	2	6	0	6	9	9	7	2	9	12	2	2	4	3	2	4	5	2	4	13
OTU_88	41	14	13	17	15	1	18	33	11	17	2	2	20	11	11	39	20	16	14	13	1	18	1	23	8	50	38	80	11	22	67	73	23	5	10	14	38	91	13	22
OTU_880	0	1	0	33	2	2	49	8	8	11	1	19	9	3	3	0	0	0	35	1	2	13	0	8	5	33	98	0	5	22	4	44	8	7	4	7	92	0	7	11
OTU_881	4	2	0	1	0	0	0	0	0	1	0	0	0	0	0	3	1	0	1	0	0	2	0	0	0	0	3	0	0	9	0	0	0	0	0	1	1	0	0	1
OTU_882	3	0	4	2	5	0	0	0	0	0	0	0	0	0	0	2	0	3	2	4	0	0	0	0	0	0	0	0	0	0	0	0	0	0	0	0	0	0	0	0
OTU_883	0	0	0	0	0	0	0	0	0	1	0	0	0	0	0	0	0	0	0	0	0	2	0	0	0	2	2	0	0	2	0	1	1	0	1	1	1	0	0	4
OTU_885	5	14	12	10	12	0	1	2	0	2	0	0	1	1	1	8	13	13	11	18	0	1	0	1	2	1	0	1	0	1	1	2	0	1	0	0	1	0	1	0
OTU_886	2	5	7	6	8	0	0	0	0	1	0	0	0	1	0	3	5	7	4	8	0	2	0	1	0	0	0	0	0	0	0	0	0	0	0	1	0	0	0	0
OTU_887	3	3	4	4	3	0	0	0	0	0	0	0	0	0	0	2	3	2	6	3	0	0	0	1	0	1	1	0	0	0	0	0	0	0	0	0	0	0	0	0
OTU_889	4	6	2	0	3	0	1	0	0	0	0	0	0	0	0	4	2	2	0	1	0	0	0	0	0	4	0	1	0	0	2	2	0	0	0	0	0	0	0	0
OTU_89	34	27	24	22	18	3	16	32	8	28	0	3	21	12	15	34	35	26	17	10	4	33	1	16	9	33	10	36	8	10	20	45	8	1	4	6	13	41	9	8
OTU_890	4	2	1	2	2	0	0	0	0	0	0	0	0	0	0	4	2	1	1	2	0	0	0	0	0	0	0	1	0	0	0	0	0	0	0	1	0	0	0	0
OTU_892	0	0	0	1	0	0	0	0	0	1	0	0	0	0	0	0	0	0	0	0	0	1	0	0	0	0	2	0	0	0	0	0	0	0	0	0	1	0	0	0
OTU_893	1	0	0	1	0	0	0	1	0	1	0	0	0	0	0	0	0	1	0	0	0	0	0	0	0	0	0	0	0	0	0	0	0	0	0	0	0	0	0	0
OTU_894	1	2	3	6	5	0	0	0	0	0	0	0	0	0	0	2	3	2	3	3	0	1	0	0	0	0	0	0	0	2	0	0	0	0	0	0	0	0	0	1
OTU_895	4	2	2	2	1	0	0	0	0	0	0	0	0	0	0	2	1	3	2	1	0	0	0	0	1	1	0	0	0	3	0	0	0	0	0	0	1	0	0	0
OTU_896	0	0	0	1	0	0	0	0	0	0	0	0	0	0	0	0	0	0	0	0	0	0	0	0	0	1	4	0	2	2	0	1	0	0	0	6	3	0	1	1
OTU_897	2	1	0	1	0	0	1	3	1	1	0	0	1	1	4	0	3	0	1	1	0	2	0	1	2	1	3	1	1	6	1	1	0	0	16	3	2	1	1	1
OTU_898	1	2	3	3	1	0	1	0	0	0	0	0	0	1	0	2	1	2	3	2	0	0	0	1	1	1	7	1	0	0	2	1	0	0	0	0	1	1	0	0
OTU_899	2	2	0	0	3	0	0	0	0	0	0	0	0	0	0	0	0	1	2	0	0	0	0	0	0	3	3	0	0	3	1	0	1	0	0	0	0	1	1	0
OTU_9	26	61	15	31	20	43	410	213	191	178	24	495	159	135	235	42	61	17	37	23	51	246	23	221	373	167	230	309	438	223	226	113	422	689	241	172	129	209	369	97
OTU_90	8	6	6	8	5	1	6	11	9	10	2	4	10	10	10	9	8	4	13	8	3	18	1	13	17	23	19	25	20	13	26	14	28	6	8	3	12	20	16	4
OTU_900	2	1	0	0	2	0	0	0	0	0	0	0	0	0	0	2	0	1	0	1	0	0	0	0	0	1	0	2	0	0	1	4	0	0	0	0	0	2	0	0
OTU_901	0	1	0	2	0	0	0	0	0	0	0	0	1	0	0	0	0	1	1	1	0	0	0	1	0	0	0	1	1	0	0	1	1	0	0	0	0	0	1	0
OTU_902	1	0	0	1	0	0	0	0	0	0	0	0	0	0	0	1	0	0	0	1	0	0	0	0	0	0	1	0	0	4	1	0	0	0	0	0	3	0	0	0
OTU_903	1	0	0	0	0	0	0	0	0	0	0	0	0	0	0	0	0	0	0	0	0	0	0	0	0	0	0	0	0	0	0	0	0	2	0	0	0	0	0	1
OTU_904	0	0	0	0	0	0	0	0	0	0	0	0	0	0	0	0	0	0	0	0	0	0	0	0	0	2	0	0	0	0	1	2	0	0	0	0	0	0	0	0
OTU_905	0	0	0	0	0	0	0	0	0	0	0	0	0	0	1	0	0	0	2	0	0	0	0	0	0	0	2	0	0	0	0	0	0	0	0	0	3	0	0	0
OTU_906	2	0	2	1	0	0	0	0	0	0	0	0	0	0	0	1	1	2	1	1	0	0	0	1	0	2	2	0	2	1	0	1	0	0	0	1	1	0	1	2
OTU_907	3	0	0	0	0	0	0	0	0	1	0	0	0	0	0	0	0	0	0	0	0	0	0	0	0	2	19	0	5	7	0	1	1	1	1	3	4	0	3	5
OTU_908	0	8	0	1	0	0	1	0	0	0	0	0	0	0	0	0	8	0	0	0	0	0	0	0	0	0	0	0	0	0	0	0	0	0	0	0	0	0	0	0
OTU_909	2	2	4	5	7	0	0	0	0	0	0	0	0	0	0	1	3	7	4	7	0	0	0	0	0	0	0	0	0	0	0	0	0	0	0	0	0	0	0	0
OTU_91	115	101	100	104	70	5	21	63	8	36	4	8	35	19	16	125	117	116	77	59	7	47	2	30	15	36	30	40	62	32	36	60	30	18	25	51	27	43	67	28
OTU_911	0	0	0	0	0	0	1	0	0	0	0	0	0	0	1	0	0	0	0	0	0	0	2	0	1	0	5	1	0	21	0	0	0	0	0	2	0	1	0	3
OTU_912	1	0	1	1	0	0	1	1	0	0	0	0	1	0	0	0	2	1	0	1	0	0	0	1	1	0	0	0	0	2	1	0	0	0	0	0	0	1	0	0
OTU_914	1	0	0	3	1	0	1	0	1	0	0	0	1	0	0	0	1	2	1	2	0	1	0	1	0	0	0	0	0	0	0	0	0	0	0	0	0	0	0	0
OTU_915	2	7	6	6	4	0	0	1	0	0	0	0	0	0	0	2	4	2	3	8	0	0	0	1	0	1	0	0	0	0	0	0	0	0	1	0	0	0	0	0
OTU_916	0	1	0	0	0	0	2	1	15	2	0	2	0	0	6	0	1	2	1	0	0	1	0	0	5	1	1	1	7	20	0	0	4	1	12	4	2	1	6	8
OTU_917	9	7	7	4	1	0	1	0	0	1	0	0	1	0	0	7	12	9	6	3	0	1	0	1	0	5	4	1	7	8	2	4	2	2	2	5	5	1	3	4
OTU_918	1	0	1	1	0	0	0	0	0	0	0	0	0	0	3	0	1	2	0	1	0	0	0	0	2	0	0	0	0	0	0	0	0	0	0	0	0	0	0	0
OTU_92	74	50	29	31	48	1	6	11	4	6	1	1	6	3	7	74	38	32	30	36	0	6	0	4	10	12	2	9	3	1	4	22	2	1	1	1	2	10	1	1
OTU_920	2	3	2	1	0	0	1	2	4	4	1	5	2	2	3	1	2	1	1	1	0	6	1	1	4	1	2	0	0	3	1	0	1	1	2	2	1	0	1	1
OTU_921	7	6	4	3	5	1	1	3	1	1	0	0	1	1	2	3	4	3	2	4	0	2	0	2	4	6	5	1	12	17	0	4	5	3	7	21	3	1	10	7
OTU_922	0	3	2	1	1	0	0	0	0	0	0	0	1	0	0	1	4	0	0	1	0	0	0	1	1	1	0	1	0	10	0	1	0	0	0	0	0	0	0	5
OTU_923	0	0	0	0	0	0	0	0	0	0	0	0	0	0	0	0	0	0	0	0	0	0	0	0	0	0	0	0	0	8	0	0	0	1	0	0	0	0	0	0
OTU_925	0	0	0	0	0	0	0	0	0	0	0	0	0	0	1	0	0	0	0	0	0	0	0	0	0	0	1	0	0	2	0	0	0	0	0	0	0	0	0	0
OTU_926	3	1	3	1	4	0	0	0	0	0	0	0	0	0	0	2	1	4	2	6	0	1	0	1	0	0	0	0	0	0	0	0	0	0	0	0	0	0	0	0
OTU_927	1	0	0	3	0	0	0	0	0	0	0	0	0	0	0	0	0	1	0	0	0	0	0	0	1	1	0	0	0	0	1	0	0	0	0	0	1	0	0	1
OTU_928	1	0	0	0	0	0	2	0	0	0	0	1	0	1	0	0	0	0	0	0	0	0	0	0	0	1	0	0	0	0	0	0	0	0	0	0	0	0	0	0
OTU_929	2	1	0	0	0	0	0	0	0	0	0	0	0	0	0	2	2	0	0	0	0	0	0	0	0	0	0	0	0	0	0	0	0	0	0	0	2	0	0	0
OTU_93	190	231	332	404	416	2	3	14	2	14	1	2	9	4	7	181	271	365	360	312	0	12	1	8	5	9	3	4	7	2	8	8	3	2	2	3	4	5	5	1
OTU_930	2	4	3	9	2	0	0	0	0	0	0	0	0	0	0	3	2	2	1	3	0	1	0	0	0	0	0	0	0	0	0	0	0	0	0	0	0	0	0	0
OTU_931	2	2	1	2	1	0	0	0	0	0	0	0	0	0	0	0	0	0	1	1	0	0	0	0	0	2	2	0	1	4	0	1	1	0	0	1	2	0	1	2
OTU_933	34	16	15	12	22	2	41	17	17	13	5	16	22	10	50	32	21	17	18	17	3	18	4	28	85	8	8	6	17	3	9	5	10	4	4	1	5	4	15	5
OTU_934	6	14	7	12	5	0	0	1	1	1	0	0	1	1	0	3	14	10	13	8	0	1	0	1	1	1	2	1	1	0	0	0	0	1	1	1	1	1	0	1
OTU_935	1	1	0	0	0	0	0	0	0	0	0	0	0	0	0	2	1	1	1	0	0	0	0	0	0	0	3	0	0	4	0	0	0	0	0	1	1	0	0	0
OTU_936	9	5	8	4	13	0	0	0	0	1	0	0	1	0	0	7	5	10	6	11	0	0	0	1	1	1	0	0	0	0	1	0	0	0	0	0	0	1	0	0
OTU_937	0	0	0	0	0	0	1	0	1	0	0	0	0	0	1	0	0	0	0	0	0	1	0	0	0	0	0	0	0	0	0	0	0	0	0	0	0	0	0	0
OTU_938	2	1	1	5	0	0	0	1	0	0	0	0	1	1	1	2	1	1	1	3	0	2	0	0	0	1	0	0	0	1	0	0	0	0	1	0	0	1	0	0
OTU_939	6	0	1	2	2	0	1	1	0	0	0	0	1	1	0	3	2	1	4	5	0	0	0	1	0	1	2	1	0	1	2	1	2	0	1	0	1	2	0	4
OTU_94	39	31	43	32	22	0	6	8	2	12	1	1	8	6	6	49	34	45	31	33	1	19	1	3	10	8	15	12	2	9	5	9	3	2	1	6	15	11	4	9
OTU_940	16	5	11	6	10	0	2	2	1	2	0	1	2	4	2	18	10	12	14	15	0	1	0	2	2	4	8	3	2	6	2	3	2	1	1	2	3	2	2	3
OTU_941	2	1	2	0	2	0	0	0	0	0	0	0	0	0	0	2	1	1	0	2	0	0	0	1	0	0	0	0	0	0	0	0	0	0	0	0	0	0	0	0
OTU_942	1	1	2	2	4	0	0	0	0	0	0	0	0	0	0	1	2	3	3	2	0	0	0	0	0	0	0	0	0	0	0	0	0	0	0	0	0	0	0	1
OTU_943	0	2	0	0	0	0	0	1	0	0	0	0	1	0	1	1	1	0	0	1	0	0	0	0	0	0	0	0	0	2	0	0	0	0	0	0	0	0	0	0
OTU_945	1	1	1	0	2	0	0	0	0	1	0	0	0	1	0	2	1	1	0	1	0	0	0	0	0	1	0	1	0	0	0	1	0	0	0	0	0	0	0	0
OTU_946	0	1	0	1	0	0	0	1	0	0	0	0	0	0	0	0	0	0	1	0	0	0	0	0	0	1	0	0	3	6	0	2	2	1	2	2	1	0	2	0
OTU_947	1	2	0	1	0	0	0	0	0	0	0	0	0	0	0	0	1	0	0	1	0	0	0	1	0	0	0	3	0	0	0	0	0	0	0	0	0	1	0	0
OTU_948	11	0	0	2	2	0	0	0	0	0	0	0	0	0	0	15	1	1	2	2	0	0	0	0	0	1	0	1	0	0	1	0	1	0	0	0	0	0	0	0
OTU_949	1	0	1	1	1	0	1	0	0	0	0	0	0	0	0	3	0	0	1	1	0	0	0	0	0	1	0	1	0	0	0	1	0	0	0	0	0	1	0	0
OTU_95	18	16	14	29	18	1	5	18	9	20	0	2	13	5	13	13	16	12	19	22	1	23	0	11	8	4	18	6	7	18	11	11	6	5	3	8	12	5	8	5
OTU_951	1	0	0	2	0	0	1	0	0	1	0	0	0	1	0	2	1	1	2	3	0	0	0	0	0	1	1	0	0	0	0	0	0	0	1	0	0	0	0	0
OTU_952	3	4	1	2	3	0	1	6	2	2	0	1	2	0	1	2	3	1	1	3	0	1	0	1	0	1	7	3	3	8	2	4	2	1	3	2	6	3	2	1
OTU_953	0	0	0	0	0	0	0	0	0	0	0	0	0	0	0	0	0	0	0	0	0	0	0	0	0	0	0	0	2	0	0	0	1	0	0	0	0	0	1	0
OTU_954	0	0	0	0	0	0	0	0	0	0	0	0	0	0	0	1	0	0	0	0	0	0	0	0	0	2	0	1	0	0	1	0	0	0	0	0	0	0	0	0
OTU_955	4	2	0	4	3	0	0	0	0	0	0	0	0	0	0	2	2	1	2	5	0	0	0	0	0	0	0	0	0	0	0	0	0	0	0	0	0	0	0	0
OTU_956	5	15	14	20	3	0	0	0	0	0	0	0	1	1	1	21	6	13	8	25	0	1	0	2	0	2	0	1	0	1	1	0	1	1	0	0	3	0	0	0
OTU_957	1	0	0	1	0	0	0	0	0	0	0	0	0	0	0	0	0	0	1	0	0	0	0	1	0	0	0	0	0	0	0	0	0	0	0	0	0	1	0	0
OTU_958	24	19	24	12	16	0	2	1	1	4	1	1	2	3	3	19	18	21	16	20	0	9	0	3	7	3	4	3	0	2	2	2	1	1	0	4	2	1	1	1
OTU_96	50	40	27	38	40	1	21	43	17	25	3	4	29	11	30	41	45	26	26	33	2	31	1	29	29	21	21	24	8	22	23	29	11	12	20	23	18	28	9	11
OTU_961	1	3	3	1	0	0	0	0	0	0	0	0	0	0	0	0	2	6	1	0	0	0	0	0	0	1	0	0	0	0	0	0	0	0	0	0	1	0	0	0
OTU_962	0	0	0	0	0	0	0	0	0	0	0	0	0	0	0	0	0	0	0	0	0	0	0	0	0	0	0	0	0	0	0	0	0	0	4	0	0	0	0	0
OTU_963	2	2	3	2	2	0	0	1	0	0	0	0	1	0	0	0	4	1	2	2	1	0	0	2	0	3	6	2	0	0	1	1	1	1	0	1	1	1	0	0
OTU_964	1	0	3	1	1	0	0	0	0	0	0	0	0	1	1	0	0	4	1	0	0	0	0	0	3	1	1	0	0	0	0	0	0	0	0	0	1	0	0	0
OTU_966	1	1	2	0	0	0	0	0	0	1	0	0	0	0	0	1	2	3	0	1	0	0	0	0	0	1	1	1	0	0	0	0	0	0	0	1	1	0	0	0
OTU_968	3	4	3	3	4	0	0	0	0	0	0	0	0	0	0	1	3	3	4	5	0	0	0	0	0	0	0	0	0	0	0	0	0	0	0	0	0	0	0	0
OTU_969	0	0	0	1	0	0	0	0	0	0	0	0	0	0	0	2	0	0	0	1	0	0	0	0	0	0	0	1	1	3	0	0	0	0	0	0	0	1	0	0
OTU_97	9	8	3	3	2	4	25	13	14	34	3	13	16	16	31	5	4	6	5	5	3	37	2	17	45	58	53	5	52	74	29	40	34	56	46	80	32	4	66	33
OTU_970	0	0	0	0	0	0	0	0	0	0	0	1	0	1	0	0	0	0	0	0	0	0	0	0	0	0	0	0	0	0	0	0	0	0	0	0	0	0	0	0
OTU_971	0	0	0	0	0	0	1	0	0	0	0	0	0	0	0	0	0	0	1	0	0	0	0	0	0	0	0	0	1	2	0	0	0	0	0	0	1	0	1	0
OTU_972	4	4	6	9	6	0	0	0	0	0	0	0	0	0	0	2	5	6	9	5	0	0	0	0	0	1	0	0	0	1	0	1	0	0	0	0	0	0	0	0
OTU_973	0	0	0	0	0	0	0	0	1	0	0	0	0	0	0	0	0	0	0	0	0	0	0	1	0	0	0	0	0	0	0	0	1	0	0	0	0	0	0	0
OTU_974	0	0	0	1	0	0	2	0	0	0	0	0	0	0	0	0	0	0	0	0	0	0	0	0	0	0	0	1	0	0	0	0	1	0	0	0	0	1	0	0
OTU_975	6	3	5	1	0	0	0	0	0	0	0	0	0	0	0	9	3	3	1	3	0	0	0	0	0	1	0	1	0	0	0	0	0	0	0	0	0	1	0	0
OTU_976	1	2	3	0	0	0	0	0	0	0	0	0	0	0	0	0	1	1	1	1	0	0	0	1	0	0	0	0	0	0	0	0	0	0	6	0	0	0	0	0
OTU_977	4	2	5	1	0	0	1	0	0	0	0	0	0	0	0	3	3	4	0	0	0	0	0	0	0	0	0	0	0	0	1	0	0	0	0	0	0	0	0	0
OTU_978	12	5	10	10	7	0	0	0	0	0	0	0	0	0	0	10	6	9	9	10	0	1	0	0	1	1	1	0	0	0	0	0	0	0	0	0	0	1	0	0
OTU_979	1	2	5	6	8	0	0	0	0	0	0	0	0	0	0	2	3	9	7	11	0	1	0	0	0	0	0	0	0	0	0	0	0	0	0	0	0	0	0	0
OTU_98	3	0	1	4	1	1	3	13	8	40	0	3	21	2	7	3	0	2	2	1	3	40	0	15	4	3	0	1	5	4	12	4	13	7	5	3	0	1	7	4
OTU_980	15	5	9	15	3	0	0	0	0	0	0	0	1	1	0	32	3	9	5	16	0	1	0	0	2	1	0	0	0	0	1	0	1	0	0	0	0	1	0	0
OTU_981	1	0	0	0	0	0	1	0	0	1	0	0	1	0	0	1	0	0	0	0	0	0	0	0	0	1	11	0	5	7	2	2	8	0	2	1	10	0	4	1
OTU_982	0	3	2	2	2	0	0	0	0	0	0	0	0	0	0	0	2	1	4	2	0	0	0	0	0	0	0	0	0	0	0	0	0	0	0	0	0	0	0	0
OTU_984	1	2	1	3	3	0	0	0	0	0	0	0	0	0	0	2	1	3	2	4	0	0	0	0	0	0	0	0	0	2	0	0	0	0	0	0	0	0	0	0
OTU_987	1	0	0	0	0	0	0	1	0	0	0	0	0	0	1	0	0	0	0	0	0	0	0	0	2	1	1	0	0	1	0	0	0	0	1	0	0	0	0	0
OTU_988	0	0	0	0	0	0	0	0	0	0	0	0	0	0	0	0	0	0	0	0	0	0	0	0	0	1	0	1	1	1	0	1	1	0	0	1	0	0	1	1
OTU_989	1	0	0	0	1	0	0	0	0	0	0	0	0	0	0	0	1	1	0	0	0	0	0	0	0	0	0	0	0	0	0	0	0	0	0	1	0	0	0	0
OTU_99	116	53	45	52	68	1	6	15	5	8	1	2	10	4	9	119	49	50	42	64	1	11	2	9	9	6	2	11	1	3	4	13	3	1	1	2	2	17	1	1
OTU_990	0	1	2	5	2	0	0	0	0	0	0	0	0	0	0	0	0	1	6	2	0	0	0	0	0	0	0	0	0	0	1	0	0	0	0	0	1	0	0	0
OTU_991	1	0	0	0	1	0	0	0	0	0	0	0	0	0	0	1	0	0	0	1	0	1	0	0	0	1	1	0	1	0	0	1	1	1	0	1	1	1	0	0
OTU_993	1	6	3	4	1	0	0	0	0	0	0	0	0	0	0	4	3	1	2	0	0	1	0	0	0	0	0	0	1	2	0	0	0	0	0	0	0	0	1	0
OTU_994	1	0	0	0	0	0	0	0	0	0	0	0	0	0	0	1	0	0	0	0	0	0	0	0	0	0	0	0	0	0	0	0	0	0	1	0	1	0	0	0
OTU_997	2	0	1	1	0	0	0	0	0	0	0	0	0	0	0	0	0	0	2	1	0	0	0	0	0	0	0	0	0	0	1	0	0	0	0	0	0	0	0	0
OTU_998	0	0	0	0	0	0	0	0	0	0	0	0	0	0	0	0	0	0	0	0	0	0	0	0	0	0	1	0	1	0	0	0	0	0	0	2	1	0	0	0
OTU_999	1	1	4	4	3	0	0	0	0	0	0	0	0	0	0	2	3	6	5	4	0	0	0	0	0	1	1	1	0	2	0	0	0	1	0	1	1	0	0	1
