Steroidobacter	Galbitalea	Micromonospora	Rudaibacter	Chryseolinea	Hyphomicrobium	Geobacter	Rhizocola	Ilumatobacter	Arenimonas	Methylotenera	Aquimonas	Pseudolabrys	Chitinimonas	Variibacter	Thiomonas	Halobacteriovorax	Ardenticatena	Luteivirga	Roseiflexus	Sanguibacter	Sulfurisoma	Methylosinus	Aciditerrimonas	Skermanella	Sneathiella	Terrimonas
Steroidobacter	1	0.952380952380953	0.928571428571429	0.928571428571429	0.952380952380953	0.952380952380953	0.952380952380953	1	0.952380952380953	0.952380952380953	0.833333333333333	0.857142857142857	0.976190476190476	0.952380952380953	0.928571428571429	1	0.952380952380953	0.952380952380953	0.904761904761905	0.862290908577547	0.922172221673209	0.922172221673209	0.874267171196679	0.838338383339281	0.862290908577547	0.862290908577547	0.862290908577547
Galbitalea	0.952380952380953	1	0.952380952380953	0.952380952380953	1	0.952380952380953	0.952380952380953	0.952380952380953	0.952380952380953	1	0.880952380952381	0.952380952380953	0.928571428571429	0.928571428571429	0.857142857142857	0.952380952380953	0.857142857142857	0.952380952380953	0.857142857142857	0.874267171196679	0.898219696434944	0.898219696434944	0.946124746911475	0.898219696434944	0.874267171196679	0.874267171196679	0.874267171196679
Micromonospora	0.928571428571429	0.952380952380953	1	1	0.952380952380953	0.928571428571429	0.857142857142857	0.928571428571429	0.857142857142857	0.952380952380953	0.928571428571429	0.928571428571429	0.880952380952381	0.833333333333333	0.80952380952381	0.928571428571429	0.880952380952381	0.857142857142857	0.80952380952381	0.730552019767088	0.922172221673209	0.922172221673209	0.97007727214974	0.778457070243618	0.730552019767088	0.730552019767088	0.730552019767088
Rudaibacter	0.928571428571429	0.952380952380953	1	1	0.952380952380953	0.928571428571429	0.857142857142857	0.928571428571429	0.857142857142857	0.952380952380953	0.928571428571429	0.928571428571429	0.880952380952381	0.833333333333333	0.80952380952381	0.928571428571429	0.880952380952381	0.857142857142857	0.80952380952381	0.730552019767088	0.922172221673209	0.922172221673209	0.97007727214974	0.778457070243618	0.730552019767088	0.730552019767088	0.730552019767088
Chryseolinea	0.952380952380953	1	0.952380952380953	0.952380952380953	1	0.952380952380953	0.952380952380953	0.952380952380953	0.952380952380953	1	0.880952380952381	0.952380952380953	0.928571428571429	0.928571428571429	0.857142857142857	0.952380952380953	0.857142857142857	0.952380952380953	0.857142857142857	0.874267171196679	0.898219696434944	0.898219696434944	0.946124746911475	0.898219696434944	0.874267171196679	0.874267171196679	0.874267171196679
Hyphomicrobium	0.952380952380953	0.952380952380953	0.928571428571429	0.928571428571429	0.952380952380953	1	0.952380952380953	0.952380952380953	0.952380952380953	0.952380952380953	0.928571428571429	0.833333333333333	0.976190476190476	0.880952380952381	0.952380952380953	0.952380952380953	0.833333333333333	0.952380952380953	0.80952380952381	0.898219696434944	0.826362120720149	0.826362120720149	0.898219696434944	0.922172221673209	0.898219696434944	0.898219696434944	0.898219696434944
Geobacter	0.952380952380953	0.952380952380953	0.857142857142857	0.857142857142857	0.952380952380953	0.952380952380953	1	0.952380952380953	1	0.952380952380953	0.833333333333333	0.833333333333333	0.976190476190476	0.952380952380953	0.928571428571429	0.952380952380953	0.833333333333333	1	0.904761904761905	0.958101009530607	0.850314645958414	0.850314645958414	0.826362120720149	0.934148484292342	0.958101009530607	0.958101009530607	0.958101009530607
Rhizocola	1	0.952380952380953	0.928571428571429	0.928571428571429	0.952380952380953	0.952380952380953	0.952380952380953	1	0.952380952380953	0.952380952380953	0.833333333333333	0.857142857142857	0.976190476190476	0.952380952380953	0.928571428571429	1	0.952380952380953	0.952380952380953	0.904761904761905	0.862290908577547	0.922172221673209	0.922172221673209	0.874267171196679	0.838338383339281	0.862290908577547	0.862290908577547	0.862290908577547
Ilumatobacter	0.952380952380953	0.952380952380953	0.857142857142857	0.857142857142857	0.952380952380953	0.952380952380953	1	0.952380952380953	1	0.952380952380953	0.833333333333333	0.833333333333333	0.976190476190476	0.952380952380953	0.928571428571429	0.952380952380953	0.833333333333333	1	0.904761904761905	0.958101009530607	0.850314645958414	0.850314645958414	0.826362120720149	0.934148484292342	0.958101009530607	0.958101009530607	0.958101009530607
Arenimonas	0.952380952380953	1	0.952380952380953	0.952380952380953	1	0.952380952380953	0.952380952380953	0.952380952380953	0.952380952380953	1	0.880952380952381	0.952380952380953	0.928571428571429	0.928571428571429	0.857142857142857	0.952380952380953	0.857142857142857	0.952380952380953	0.857142857142857	0.874267171196679	0.898219696434944	0.898219696434944	0.946124746911475	0.898219696434944	0.874267171196679	0.874267171196679	0.874267171196679
Methylotenera	0.833333333333333	0.880952380952381	0.928571428571429	0.928571428571429	0.880952380952381	0.928571428571429	0.833333333333333	0.833333333333333	0.833333333333333	0.880952380952381	1	0.80952380952381	0.857142857142857	0.714285714285714	0.80952380952381	0.833333333333333	0.714285714285714	0.833333333333333	0.738095238095238	0.742528282386221	0.802409595481884	0.802409595481884	0.898219696434944	0.814385858101016	0.742528282386221	0.742528282386221	0.742528282386221
Aquimonas	0.857142857142857	0.952380952380953	0.928571428571429	0.928571428571429	0.952380952380953	0.833333333333333	0.833333333333333	0.857142857142857	0.833333333333333	0.952380952380953	0.80952380952381	1	0.785714285714286	0.833333333333333	0.690476190476191	0.857142857142857	0.80952380952381	0.833333333333333	0.785714285714286	0.742528282386221	0.886243433815812	0.886243433815812	0.934148484292342	0.790433332862751	0.742528282386221	0.742528282386221	0.742528282386221
Pseudolabrys	0.976190476190476	0.928571428571429	0.880952380952381	0.880952380952381	0.928571428571429	0.976190476190476	0.976190476190476	0.976190476190476	0.976190476190476	0.928571428571429	0.857142857142857	0.785714285714286	1	0.928571428571429	0.976190476190476	0.976190476190476	0.880952380952381	0.976190476190476	0.880952380952381	0.922172221673209	0.850314645958414	0.850314645958414	0.826362120720149	0.898219696434944	0.922172221673209	0.922172221673209	0.922172221673209
Chitinimonas	0.952380952380953	0.928571428571429	0.833333333333333	0.833333333333333	0.928571428571429	0.880952380952381	0.952380952380953	0.952380952380953	0.952380952380953	0.928571428571429	0.714285714285714	0.833333333333333	0.928571428571429	1	0.857142857142857	0.952380952380953	0.880952380952381	0.952380952380953	0.904761904761905	0.874267171196679	0.874267171196679	0.874267171196679	0.826362120720149	0.826362120720149	0.874267171196679	0.874267171196679	0.874267171196679
Variibacter	0.928571428571429	0.857142857142857	0.80952380952381	0.80952380952381	0.857142857142857	0.952380952380953	0.928571428571429	0.928571428571429	0.928571428571429	0.857142857142857	0.80952380952381	0.690476190476191	0.976190476190476	0.857142857142857	1	0.928571428571429	0.833333333333333	0.928571428571429	0.785714285714286	0.922172221673209	0.742528282386221	0.742528282386221	0.742528282386221	0.898219696434944	0.922172221673209	0.922172221673209	0.922172221673209
Thiomonas	1	0.952380952380953	0.928571428571429	0.928571428571429	0.952380952380953	0.952380952380953	0.952380952380953	1	0.952380952380953	0.952380952380953	0.833333333333333	0.857142857142857	0.976190476190476	0.952380952380953	0.928571428571429	1	0.952380952380953	0.952380952380953	0.904761904761905	0.862290908577547	0.922172221673209	0.922172221673209	0.874267171196679	0.838338383339281	0.862290908577547	0.862290908577547	0.862290908577547
Halobacteriovorax	0.952380952380953	0.857142857142857	0.880952380952381	0.880952380952381	0.857142857142857	0.833333333333333	0.833333333333333	0.952380952380953	0.833333333333333	0.857142857142857	0.714285714285714	0.80952380952381	0.880952380952381	0.880952380952381	0.833333333333333	0.952380952380953	1	0.833333333333333	0.880952380952381	0.718575757147955	0.934148484292342	0.934148484292342	0.790433332862751	0.670670706671425	0.718575757147955	0.718575757147955	0.718575757147955
Ardenticatena	0.952380952380953	0.952380952380953	0.857142857142857	0.857142857142857	0.952380952380953	0.952380952380953	1	0.952380952380953	1	0.952380952380953	0.833333333333333	0.833333333333333	0.976190476190476	0.952380952380953	0.928571428571429	0.952380952380953	0.833333333333333	1	0.904761904761905	0.958101009530607	0.850314645958414	0.850314645958414	0.826362120720149	0.934148484292342	0.958101009530607	0.958101009530607	0.958101009530607
Luteivirga	0.904761904761905	0.857142857142857	0.80952380952381	0.80952380952381	0.857142857142857	0.80952380952381	0.904761904761905	0.904761904761905	0.904761904761905	0.857142857142857	0.738095238095238	0.785714285714286	0.880952380952381	0.904761904761905	0.785714285714286	0.904761904761905	0.880952380952381	0.904761904761905	1	0.790433332862751	0.946124746911475	0.946124746911475	0.730552019767088	0.718575757147955	0.790433332862751	0.790433332862751	0.790433332862751
Roseiflexus	0.862290908577547	0.874267171196679	0.730552019767088	0.730552019767088	0.874267171196679	0.898219696434944	0.958101009530607	0.862290908577547	0.958101009530607	0.874267171196679	0.742528282386221	0.742528282386221	0.922172221673209	0.874267171196679	0.922172221673209	0.862290908577547	0.718575757147955	0.958101009530607	0.790433332862751	1	0.692771084337349	0.692771084337349	0.704819277108434	0.975903614457831	1	1	1
Sanguibacter	0.922172221673209	0.898219696434944	0.922172221673209	0.922172221673209	0.898219696434944	0.826362120720149	0.850314645958414	0.922172221673209	0.850314645958414	0.898219696434944	0.802409595481884	0.886243433815812	0.850314645958414	0.874267171196679	0.742528282386221	0.922172221673209	0.934148484292342	0.850314645958414	0.946124746911475	0.692771084337349	1	1	0.855421686746988	0.668674698795181	0.692771084337349	0.692771084337349	0.692771084337349
Sulfurisoma	0.922172221673209	0.898219696434944	0.922172221673209	0.922172221673209	0.898219696434944	0.826362120720149	0.850314645958414	0.922172221673209	0.850314645958414	0.898219696434944	0.802409595481884	0.886243433815812	0.850314645958414	0.874267171196679	0.742528282386221	0.922172221673209	0.934148484292342	0.850314645958414	0.946124746911475	0.692771084337349	1	1	0.855421686746988	0.668674698795181	0.692771084337349	0.692771084337349	0.692771084337349
Methylosinus	0.874267171196679	0.946124746911475	0.97007727214974	0.97007727214974	0.946124746911475	0.898219696434944	0.826362120720149	0.874267171196679	0.826362120720149	0.946124746911475	0.898219696434944	0.934148484292342	0.826362120720149	0.826362120720149	0.742528282386221	0.874267171196679	0.790433332862751	0.826362120720149	0.730552019767088	0.704819277108434	0.855421686746988	0.855421686746988	1	0.77710843373494	0.704819277108434	0.704819277108434	0.704819277108434
Aciditerrimonas	0.838338383339281	0.898219696434944	0.778457070243618	0.778457070243618	0.898219696434944	0.922172221673209	0.934148484292342	0.838338383339281	0.934148484292342	0.898219696434944	0.814385858101016	0.790433332862751	0.898219696434944	0.826362120720149	0.898219696434944	0.838338383339281	0.670670706671425	0.934148484292342	0.718575757147955	0.975903614457831	0.668674698795181	0.668674698795181	0.77710843373494	1	0.975903614457831	0.975903614457831	0.975903614457831
Skermanella	0.862290908577547	0.874267171196679	0.730552019767088	0.730552019767088	0.874267171196679	0.898219696434944	0.958101009530607	0.862290908577547	0.958101009530607	0.874267171196679	0.742528282386221	0.742528282386221	0.922172221673209	0.874267171196679	0.922172221673209	0.862290908577547	0.718575757147955	0.958101009530607	0.790433332862751	1	0.692771084337349	0.692771084337349	0.704819277108434	0.975903614457831	1	1	1
Sneathiella	0.862290908577547	0.874267171196679	0.730552019767088	0.730552019767088	0.874267171196679	0.898219696434944	0.958101009530607	0.862290908577547	0.958101009530607	0.874267171196679	0.742528282386221	0.742528282386221	0.922172221673209	0.874267171196679	0.922172221673209	0.862290908577547	0.718575757147955	0.958101009530607	0.790433332862751	1	0.692771084337349	0.692771084337349	0.704819277108434	0.975903614457831	1	1	1
Terrimonas	0.862290908577547	0.874267171196679	0.730552019767088	0.730552019767088	0.874267171196679	0.898219696434944	0.958101009530607	0.862290908577547	0.958101009530607	0.874267171196679	0.742528282386221	0.742528282386221	0.922172221673209	0.874267171196679	0.922172221673209	0.862290908577547	0.718575757147955	0.958101009530607	0.790433332862751	1	0.692771084337349	0.692771084337349	0.704819277108434	0.975903614457831	1	1	1
