Achromobacter	Ralstonia	Brevundimonas	g__Monocillium	Nocardia	Sphingobacterium	Methylovirgula	Oxalicibacterium	g__Phaeosphaeria
Achromobacter	1	0.880952380952381	0.952380952380953	0.857142857142857	0.880952380952381	0.880952380952381	0.857142857142857	0.850314645958414	0.904761904761905
Ralstonia	0.880952380952381	1	0.80952380952381	0.738095238095238	0.904761904761905	0.904761904761905	0.857142857142857	0.778457070243618	0.761904761904762
Brevundimonas	0.952380952380953	0.80952380952381	1	0.80952380952381	0.785714285714286	0.880952380952381	0.904761904761905	0.826362120720149	0.785714285714286
g__Monocillium	0.857142857142857	0.738095238095238	0.80952380952381	1	0.761904761904762	0.833333333333333	0.761904761904762	0.862290908577547	0.833333333333333
Nocardia	0.880952380952381	0.904761904761905	0.785714285714286	0.761904761904762	1	0.928571428571429	0.880952380952381	0.898219696434944	0.80952380952381
Sphingobacterium	0.880952380952381	0.904761904761905	0.880952380952381	0.833333333333333	0.928571428571429	1	0.976190476190476	0.934148484292342	0.738095238095238
Methylovirgula	0.857142857142857	0.857142857142857	0.904761904761905	0.761904761904762	0.880952380952381	0.976190476190476	1	0.874267171196679	0.642857142857143
Oxalicibacterium	0.850314645958414	0.778457070243618	0.826362120720149	0.862290908577547	0.898219696434944	0.934148484292342	0.874267171196679	1	0.838338383339281
g__Phaeosphaeria	0.904761904761905	0.761904761904762	0.785714285714286	0.833333333333333	0.80952380952381	0.738095238095238	0.642857142857143	0.838338383339281	1
