Nocardioides	Gaiella	Phenylobacterium	Nitrobacter	Acholeplasma	g__Mortierella	Methylophilus	Aquihabitans	Haliangium	Rhizocola	Knoellia	Saccharothrix	Sporosarcina	Nitrospira	Cellvibrio	Catellatospora	Panacagrimonas	Ramlibacter	Actinocorallia	Methyloceanibacter	Streptosporangium	Povalibacter	Lautropia	Thiomonas	Halobacteriovorax	Tumebacillus	Cohnella	Saccharomonospora	Luteivirga	Sanguibacter	Tahibacter	Sulfurisoma	Armatimonadetes_gp5
Nocardioides	1	0.976190476190476	0.976190476190476	0.833333333333333	0.778457070243618	0.904761904761905	0.785714285714286	0.833333333333333	0.928571428571429	0.833333333333333	0.904761904761905	0.880952380952381	0.928571428571429	0.904761904761905	0.904761904761905	0.904761904761905	0.928571428571429	0.952380952380953	0.904761904761905	0.928571428571429	0.976190476190476	0.904761904761905	0.976190476190476	0.833333333333333	0.833333333333333	0.904761904761905	0.928571428571429	0.904761904761905	0.904761904761905	0.814385858101016	0.742528282386221	0.814385858101016	0.886243433815812
Gaiella	0.976190476190476	1	0.952380952380953	0.785714285714286	0.718575757147955	0.952380952380953	0.690476190476191	0.904761904761905	0.976190476190476	0.904761904761905	0.952380952380953	0.904761904761905	0.904761904761905	0.952380952380953	0.928571428571429	0.928571428571429	0.880952380952381	0.976190476190476	0.833333333333333	0.976190476190476	0.928571428571429	0.928571428571429	0.928571428571429	0.904761904761905	0.857142857142857	0.952380952380953	0.857142857142857	0.80952380952381	0.952380952380953	0.874267171196679	0.802409595481884	0.874267171196679	0.922172221673209
Phenylobacterium	0.976190476190476	0.952380952380953	1	0.880952380952381	0.874267171196679	0.857142857142857	0.857142857142857	0.880952380952381	0.904761904761905	0.857142857142857	0.857142857142857	0.904761904761905	0.904761904761905	0.857142857142857	0.880952380952381	0.952380952380953	0.976190476190476	0.976190476190476	0.880952380952381	0.904761904761905	0.952380952380953	0.952380952380953	0.952380952380953	0.857142857142857	0.904761904761905	0.857142857142857	0.904761904761905	0.880952380952381	0.928571428571429	0.886243433815812	0.838338383339281	0.886243433815812	0.862290908577547
Nitrobacter	0.833333333333333	0.785714285714286	0.880952380952381	1	0.790433332862751	0.595238095238095	0.833333333333333	0.761904761904762	0.690476190476191	0.833333333333333	0.595238095238095	0.690476190476191	0.690476190476191	0.595238095238095	0.642857142857143	0.785714285714286	0.952380952380953	0.833333333333333	0.904761904761905	0.690476190476191	0.785714285714286	0.785714285714286	0.785714285714286	0.833333333333333	0.928571428571429	0.595238095238095	0.928571428571429	0.880952380952381	0.738095238095238	0.766480807624486	0.69462323190969	0.766480807624486	0.59881313095663
Acholeplasma	0.778457070243618	0.718575757147955	0.874267171196679	0.790433332862751	1	0.586836868337497	0.874267171196679	0.718575757147955	0.658694444052292	0.64671818143316	0.586836868337497	0.766480807624486	0.718575757147955	0.586836868337497	0.658694444052292	0.838338383339281	0.898219696434944	0.814385858101016	0.754504545005353	0.658694444052292	0.778457070243618	0.838338383339281	0.778457070243618	0.64671818143316	0.802409595481884	0.586836868337497	0.730552019767088	0.730552019767088	0.754504545005353	0.77710843373494	0.825301204819277	0.77710843373494	0.644578313253012
g__Mortierella	0.904761904761905	0.952380952380953	0.857142857142857	0.595238095238095	0.586836868337497	1	0.595238095238095	0.857142857142857	0.976190476190476	0.80952380952381	1	0.904761904761905	0.904761904761905	1	0.952380952380953	0.880952380952381	0.738095238095238	0.904761904761905	0.666666666666667	0.976190476190476	0.880952380952381	0.880952380952381	0.880952380952381	0.80952380952381	0.714285714285714	1	0.714285714285714	0.690476190476191	0.928571428571429	0.826362120720149	0.754504545005353	0.826362120720149	0.97007727214974
Methylophilus	0.785714285714286	0.690476190476191	0.857142857142857	0.833333333333333	0.874267171196679	0.595238095238095	1	0.642857142857143	0.619047619047619	0.595238095238095	0.595238095238095	0.785714285714286	0.738095238095238	0.595238095238095	0.642857142857143	0.80952380952381	0.904761904761905	0.761904761904762	0.738095238095238	0.619047619047619	0.80952380952381	0.80952380952381	0.80952380952381	0.595238095238095	0.761904761904762	0.595238095238095	0.80952380952381	0.833333333333333	0.690476190476191	0.730552019767088	0.706599494528823	0.730552019767088	0.682646969290558
Aquihabitans	0.833333333333333	0.904761904761905	0.880952380952381	0.761904761904762	0.718575757147955	0.857142857142857	0.642857142857143	1	0.928571428571429	0.952380952380953	0.857142857142857	0.857142857142857	0.80952380952381	0.857142857142857	0.880952380952381	0.928571428571429	0.833333333333333	0.952380952380953	0.666666666666667	0.928571428571429	0.785714285714286	0.928571428571429	0.785714285714286	0.952380952380953	0.928571428571429	0.857142857142857	0.690476190476191	0.642857142857143	0.976190476190476	0.97007727214974	0.922172221673209	0.97007727214974	0.826362120720149
Haliangium	0.928571428571429	0.976190476190476	0.904761904761905	0.690476190476191	0.658694444052292	0.976190476190476	0.619047619047619	0.928571428571429	1	0.880952380952381	0.976190476190476	0.880952380952381	0.928571428571429	0.976190476190476	0.976190476190476	0.904761904761905	0.80952380952381	0.952380952380953	0.738095238095238	1	0.904761904761905	0.904761904761905	0.904761904761905	0.880952380952381	0.80952380952381	0.976190476190476	0.761904761904762	0.738095238095238	0.976190476190476	0.874267171196679	0.802409595481884	0.874267171196679	0.922172221673209
Rhizocola	0.833333333333333	0.904761904761905	0.857142857142857	0.833333333333333	0.64671818143316	0.80952380952381	0.595238095238095	0.952380952380953	0.880952380952381	1	0.80952380952381	0.80952380952381	0.714285714285714	0.80952380952381	0.785714285714286	0.880952380952381	0.833333333333333	0.928571428571429	0.738095238095238	0.880952380952381	0.738095238095238	0.880952380952381	0.738095238095238	1	0.952380952380953	0.80952380952381	0.761904761904762	0.666666666666667	0.904761904761905	0.922172221673209	0.850314645958414	0.922172221673209	0.778457070243618
Knoellia	0.904761904761905	0.952380952380953	0.857142857142857	0.595238095238095	0.586836868337497	1	0.595238095238095	0.857142857142857	0.976190476190476	0.80952380952381	1	0.904761904761905	0.904761904761905	1	0.952380952380953	0.880952380952381	0.738095238095238	0.904761904761905	0.666666666666667	0.976190476190476	0.880952380952381	0.880952380952381	0.880952380952381	0.80952380952381	0.714285714285714	1	0.714285714285714	0.690476190476191	0.928571428571429	0.826362120720149	0.754504545005353	0.826362120720149	0.97007727214974
Saccharothrix	0.880952380952381	0.904761904761905	0.904761904761905	0.690476190476191	0.766480807624486	0.904761904761905	0.785714285714286	0.857142857142857	0.880952380952381	0.80952380952381	0.904761904761905	1	0.80952380952381	0.904761904761905	0.833333333333333	0.976190476190476	0.833333333333333	0.928571428571429	0.642857142857143	0.880952380952381	0.833333333333333	0.976190476190476	0.833333333333333	0.80952380952381	0.80952380952381	0.904761904761905	0.714285714285714	0.666666666666667	0.904761904761905	0.922172221673209	0.898219696434944	0.922172221673209	0.97007727214974
Sporosarcina	0.928571428571429	0.904761904761905	0.904761904761905	0.690476190476191	0.718575757147955	0.904761904761905	0.738095238095238	0.80952380952381	0.928571428571429	0.714285714285714	0.904761904761905	0.80952380952381	1	0.904761904761905	0.976190476190476	0.833333333333333	0.833333333333333	0.880952380952381	0.785714285714286	0.928571428571429	0.976190476190476	0.833333333333333	0.976190476190476	0.714285714285714	0.714285714285714	0.904761904761905	0.80952380952381	0.857142857142857	0.904761904761905	0.754504545005353	0.682646969290558	0.754504545005353	0.850314645958414
Nitrospira	0.904761904761905	0.952380952380953	0.857142857142857	0.595238095238095	0.586836868337497	1	0.595238095238095	0.857142857142857	0.976190476190476	0.80952380952381	1	0.904761904761905	0.904761904761905	1	0.952380952380953	0.880952380952381	0.738095238095238	0.904761904761905	0.666666666666667	0.976190476190476	0.880952380952381	0.880952380952381	0.880952380952381	0.80952380952381	0.714285714285714	1	0.714285714285714	0.690476190476191	0.928571428571429	0.826362120720149	0.754504545005353	0.826362120720149	0.97007727214974
Cellvibrio	0.904761904761905	0.928571428571429	0.880952380952381	0.642857142857143	0.658694444052292	0.952380952380953	0.642857142857143	0.880952380952381	0.976190476190476	0.785714285714286	0.952380952380953	0.833333333333333	0.976190476190476	0.952380952380953	1	0.857142857142857	0.785714285714286	0.904761904761905	0.714285714285714	0.976190476190476	0.928571428571429	0.857142857142857	0.928571428571429	0.785714285714286	0.738095238095238	0.952380952380953	0.738095238095238	0.761904761904762	0.952380952380953	0.814385858101016	0.742528282386221	0.814385858101016	0.886243433815812
Catellatospora	0.904761904761905	0.928571428571429	0.952380952380953	0.785714285714286	0.838338383339281	0.880952380952381	0.80952380952381	0.928571428571429	0.904761904761905	0.880952380952381	0.880952380952381	0.976190476190476	0.833333333333333	0.880952380952381	0.857142857142857	1	0.904761904761905	0.976190476190476	0.714285714285714	0.904761904761905	0.857142857142857	1	0.857142857142857	0.880952380952381	0.904761904761905	0.880952380952381	0.761904761904762	0.714285714285714	0.952380952380953	0.97007727214974	0.946124746911475	0.97007727214974	0.922172221673209
Panacagrimonas	0.928571428571429	0.880952380952381	0.976190476190476	0.952380952380953	0.898219696434944	0.738095238095238	0.904761904761905	0.833333333333333	0.80952380952381	0.833333333333333	0.738095238095238	0.833333333333333	0.833333333333333	0.738095238095238	0.785714285714286	0.904761904761905	1	0.928571428571429	0.904761904761905	0.80952380952381	0.904761904761905	0.904761904761905	0.904761904761905	0.833333333333333	0.928571428571429	0.738095238095238	0.928571428571429	0.904761904761905	0.857142857142857	0.850314645958414	0.802409595481884	0.850314645958414	0.754504545005353
Ramlibacter	0.952380952380953	0.976190476190476	0.976190476190476	0.833333333333333	0.814385858101016	0.904761904761905	0.761904761904762	0.952380952380953	0.952380952380953	0.928571428571429	0.904761904761905	0.928571428571429	0.880952380952381	0.904761904761905	0.904761904761905	0.976190476190476	0.928571428571429	1	0.80952380952381	0.952380952380953	0.904761904761905	0.976190476190476	0.904761904761905	0.928571428571429	0.928571428571429	0.904761904761905	0.833333333333333	0.785714285714286	0.976190476190476	0.946124746911475	0.898219696434944	0.946124746911475	0.898219696434944
Actinocorallia	0.904761904761905	0.833333333333333	0.880952380952381	0.904761904761905	0.754504545005353	0.666666666666667	0.738095238095238	0.666666666666667	0.738095238095238	0.738095238095238	0.666666666666667	0.642857142857143	0.785714285714286	0.666666666666667	0.714285714285714	0.714285714285714	0.904761904761905	0.80952380952381	1	0.738095238095238	0.880952380952381	0.714285714285714	0.880952380952381	0.738095238095238	0.785714285714286	0.666666666666667	0.976190476190476	0.952380952380953	0.714285714285714	0.622765656194895	0.550908080480099	0.622765656194895	0.622765656194895
Methyloceanibacter	0.928571428571429	0.976190476190476	0.904761904761905	0.690476190476191	0.658694444052292	0.976190476190476	0.619047619047619	0.928571428571429	1	0.880952380952381	0.976190476190476	0.880952380952381	0.928571428571429	0.976190476190476	0.976190476190476	0.904761904761905	0.80952380952381	0.952380952380953	0.738095238095238	1	0.904761904761905	0.904761904761905	0.904761904761905	0.880952380952381	0.80952380952381	0.976190476190476	0.761904761904762	0.738095238095238	0.976190476190476	0.874267171196679	0.802409595481884	0.874267171196679	0.922172221673209
Streptosporangium	0.976190476190476	0.928571428571429	0.952380952380953	0.785714285714286	0.778457070243618	0.880952380952381	0.80952380952381	0.785714285714286	0.904761904761905	0.738095238095238	0.880952380952381	0.833333333333333	0.976190476190476	0.880952380952381	0.928571428571429	0.857142857142857	0.904761904761905	0.904761904761905	0.880952380952381	0.904761904761905	1	0.857142857142857	1	0.738095238095238	0.761904761904762	0.880952380952381	0.904761904761905	0.928571428571429	0.880952380952381	0.754504545005353	0.682646969290558	0.754504545005353	0.850314645958414
Povalibacter	0.904761904761905	0.928571428571429	0.952380952380953	0.785714285714286	0.838338383339281	0.880952380952381	0.80952380952381	0.928571428571429	0.904761904761905	0.880952380952381	0.880952380952381	0.976190476190476	0.833333333333333	0.880952380952381	0.857142857142857	1	0.904761904761905	0.976190476190476	0.714285714285714	0.904761904761905	0.857142857142857	1	0.857142857142857	0.880952380952381	0.904761904761905	0.880952380952381	0.761904761904762	0.714285714285714	0.952380952380953	0.97007727214974	0.946124746911475	0.97007727214974	0.922172221673209
Lautropia	0.976190476190476	0.928571428571429	0.952380952380953	0.785714285714286	0.778457070243618	0.880952380952381	0.80952380952381	0.785714285714286	0.904761904761905	0.738095238095238	0.880952380952381	0.833333333333333	0.976190476190476	0.880952380952381	0.928571428571429	0.857142857142857	0.904761904761905	0.904761904761905	0.880952380952381	0.904761904761905	1	0.857142857142857	1	0.738095238095238	0.761904761904762	0.880952380952381	0.904761904761905	0.928571428571429	0.880952380952381	0.754504545005353	0.682646969290558	0.754504545005353	0.850314645958414
Thiomonas	0.833333333333333	0.904761904761905	0.857142857142857	0.833333333333333	0.64671818143316	0.80952380952381	0.595238095238095	0.952380952380953	0.880952380952381	1	0.80952380952381	0.80952380952381	0.714285714285714	0.80952380952381	0.785714285714286	0.880952380952381	0.833333333333333	0.928571428571429	0.738095238095238	0.880952380952381	0.738095238095238	0.880952380952381	0.738095238095238	1	0.952380952380953	0.80952380952381	0.761904761904762	0.666666666666667	0.904761904761905	0.922172221673209	0.850314645958414	0.922172221673209	0.778457070243618
Halobacteriovorax	0.833333333333333	0.857142857142857	0.904761904761905	0.928571428571429	0.802409595481884	0.714285714285714	0.761904761904762	0.928571428571429	0.80952380952381	0.952380952380953	0.714285714285714	0.80952380952381	0.714285714285714	0.714285714285714	0.738095238095238	0.904761904761905	0.928571428571429	0.928571428571429	0.785714285714286	0.80952380952381	0.761904761904762	0.904761904761905	0.761904761904762	0.952380952380953	1	0.714285714285714	0.80952380952381	0.738095238095238	0.880952380952381	0.934148484292342	0.886243433815812	0.934148484292342	0.718575757147955
Tumebacillus	0.904761904761905	0.952380952380953	0.857142857142857	0.595238095238095	0.586836868337497	1	0.595238095238095	0.857142857142857	0.976190476190476	0.80952380952381	1	0.904761904761905	0.904761904761905	1	0.952380952380953	0.880952380952381	0.738095238095238	0.904761904761905	0.666666666666667	0.976190476190476	0.880952380952381	0.880952380952381	0.880952380952381	0.80952380952381	0.714285714285714	1	0.714285714285714	0.690476190476191	0.928571428571429	0.826362120720149	0.754504545005353	0.826362120720149	0.97007727214974
Cohnella	0.928571428571429	0.857142857142857	0.904761904761905	0.928571428571429	0.730552019767088	0.714285714285714	0.80952380952381	0.690476190476191	0.761904761904762	0.761904761904762	0.714285714285714	0.714285714285714	0.80952380952381	0.714285714285714	0.738095238095238	0.761904761904762	0.928571428571429	0.833333333333333	0.976190476190476	0.761904761904762	0.904761904761905	0.761904761904762	0.904761904761905	0.761904761904762	0.80952380952381	0.714285714285714	1	0.976190476190476	0.738095238095238	0.670670706671425	0.574860605718364	0.670670706671425	0.69462323190969
Saccharomonospora	0.904761904761905	0.80952380952381	0.880952380952381	0.880952380952381	0.730552019767088	0.690476190476191	0.833333333333333	0.642857142857143	0.738095238095238	0.666666666666667	0.690476190476191	0.666666666666667	0.857142857142857	0.690476190476191	0.761904761904762	0.714285714285714	0.904761904761905	0.785714285714286	0.952380952380953	0.738095238095238	0.928571428571429	0.714285714285714	0.928571428571429	0.666666666666667	0.738095238095238	0.690476190476191	0.976190476190476	1	0.714285714285714	0.610789393575762	0.514979292622701	0.610789393575762	0.658694444052292
Luteivirga	0.904761904761905	0.952380952380953	0.928571428571429	0.738095238095238	0.754504545005353	0.928571428571429	0.690476190476191	0.976190476190476	0.976190476190476	0.904761904761905	0.928571428571429	0.904761904761905	0.904761904761905	0.928571428571429	0.952380952380953	0.952380952380953	0.857142857142857	0.976190476190476	0.714285714285714	0.976190476190476	0.880952380952381	0.952380952380953	0.880952380952381	0.904761904761905	0.880952380952381	0.928571428571429	0.738095238095238	0.714285714285714	1	0.946124746911475	0.898219696434944	0.946124746911475	0.898219696434944
Sanguibacter	0.814385858101016	0.874267171196679	0.886243433815812	0.766480807624486	0.77710843373494	0.826362120720149	0.730552019767088	0.97007727214974	0.874267171196679	0.922172221673209	0.826362120720149	0.922172221673209	0.754504545005353	0.826362120720149	0.814385858101016	0.97007727214974	0.850314645958414	0.946124746911475	0.622765656194895	0.874267171196679	0.754504545005353	0.97007727214974	0.754504545005353	0.922172221673209	0.934148484292342	0.826362120720149	0.670670706671425	0.610789393575762	0.946124746911475	1	0.975903614457831	1	0.855421686746988
Tahibacter	0.742528282386221	0.802409595481884	0.838338383339281	0.69462323190969	0.825301204819277	0.754504545005353	0.706599494528823	0.922172221673209	0.802409595481884	0.850314645958414	0.754504545005353	0.898219696434944	0.682646969290558	0.754504545005353	0.742528282386221	0.946124746911475	0.802409595481884	0.898219696434944	0.550908080480099	0.802409595481884	0.682646969290558	0.946124746911475	0.682646969290558	0.850314645958414	0.886243433815812	0.754504545005353	0.574860605718364	0.514979292622701	0.898219696434944	0.975903614457831	1	0.975903614457831	0.807228915662651
Sulfurisoma	0.814385858101016	0.874267171196679	0.886243433815812	0.766480807624486	0.77710843373494	0.826362120720149	0.730552019767088	0.97007727214974	0.874267171196679	0.922172221673209	0.826362120720149	0.922172221673209	0.754504545005353	0.826362120720149	0.814385858101016	0.97007727214974	0.850314645958414	0.946124746911475	0.622765656194895	0.874267171196679	0.754504545005353	0.97007727214974	0.754504545005353	0.922172221673209	0.934148484292342	0.826362120720149	0.670670706671425	0.610789393575762	0.946124746911475	1	0.975903614457831	1	0.855421686746988
Armatimonadetes_gp5	0.886243433815812	0.922172221673209	0.862290908577547	0.59881313095663	0.644578313253012	0.97007727214974	0.682646969290558	0.826362120720149	0.922172221673209	0.778457070243618	0.97007727214974	0.97007727214974	0.850314645958414	0.97007727214974	0.886243433815812	0.922172221673209	0.754504545005353	0.898219696434944	0.622765656194895	0.922172221673209	0.850314645958414	0.922172221673209	0.850314645958414	0.778457070243618	0.718575757147955	0.97007727214974	0.69462323190969	0.658694444052292	0.898219696434944	0.855421686746988	0.807228915662651	0.855421686746988	1
