Rhodopseudomonas	Methylophilus	Gp6	Inquilinus	Luteolibacter	Cohnella	Saccharomonospora	Atopobium	Chthonomonas/Armatimonadetes_gp3
Rhodopseudomonas	1	0.880952380952381	0.952380952380953	0.976190476190476	0.976190476190476	0.880952380952381	0.904761904761905	0.857142857142857	0.934148484292342
Methylophilus	0.880952380952381	1	0.976190476190476	0.928571428571429	0.928571428571429	0.80952380952381	0.833333333333333	0.833333333333333	0.886243433815812
Gp6	0.952380952380953	0.976190476190476	1	0.976190476190476	0.976190476190476	0.857142857142857	0.880952380952381	0.857142857142857	0.934148484292342
Inquilinus	0.976190476190476	0.928571428571429	0.976190476190476	1	0.952380952380953	0.928571428571429	0.952380952380953	0.904761904761905	0.910195959054077
Luteolibacter	0.976190476190476	0.928571428571429	0.976190476190476	0.952380952380953	1	0.80952380952381	0.833333333333333	0.80952380952381	0.958101009530607
Cohnella	0.880952380952381	0.80952380952381	0.857142857142857	0.928571428571429	0.80952380952381	1	0.976190476190476	0.833333333333333	0.718575757147955
Saccharomonospora	0.904761904761905	0.833333333333333	0.880952380952381	0.952380952380953	0.833333333333333	0.976190476190476	1	0.857142857142857	0.754504545005353
Atopobium	0.857142857142857	0.833333333333333	0.857142857142857	0.904761904761905	0.80952380952381	0.833333333333333	0.857142857142857	1	0.874267171196679
Chthonomonas/Armatimonadetes_gp3	0.934148484292342	0.886243433815812	0.934148484292342	0.910195959054077	0.958101009530607	0.718575757147955	0.754504545005353	0.874267171196679	1
