Luteimonas	Ralstonia	g__Bipolaris	g__Pseudogymnoascus	Actinosynnema	Nocardia	Afipia	Methylobacterium	Chelatococcus
Luteimonas	1	0.904761904761905	0.928571428571429	0.952380952380953	0.904761904761905	0.880952380952381	0.904761904761905	0.857142857142857	0.880952380952381
Ralstonia	0.904761904761905	1	0.761904761904762	0.833333333333333	0.714285714285714	0.904761904761905	0.857142857142857	0.833333333333333	0.738095238095238
g__Bipolaris	0.928571428571429	0.761904761904762	1	0.833333333333333	0.904761904761905	0.761904761904762	0.785714285714286	0.666666666666667	0.785714285714286
g__Pseudogymnoascus	0.952380952380953	0.833333333333333	0.833333333333333	1	0.904761904761905	0.857142857142857	0.904761904761905	0.952380952380953	0.904761904761905
Actinosynnema	0.904761904761905	0.714285714285714	0.904761904761905	0.904761904761905	1	0.785714285714286	0.80952380952381	0.785714285714286	0.952380952380953
Nocardia	0.880952380952381	0.904761904761905	0.761904761904762	0.857142857142857	0.785714285714286	1	0.976190476190476	0.880952380952381	0.80952380952381
Afipia	0.904761904761905	0.857142857142857	0.785714285714286	0.904761904761905	0.80952380952381	0.976190476190476	1	0.904761904761905	0.833333333333333
Methylobacterium	0.857142857142857	0.833333333333333	0.666666666666667	0.952380952380953	0.785714285714286	0.880952380952381	0.904761904761905	1	0.833333333333333
Chelatococcus	0.880952380952381	0.738095238095238	0.785714285714286	0.904761904761905	0.952380952380953	0.80952380952381	0.833333333333333	0.833333333333333	1
