Sample	berger_parker	buzas_gibson	chao1	dominance	equitability	jost	jost1	reads	richness	robbins	simpson	shannon_e	shannon_2	shannon_10
Fun2DMH6301	0.491	0.00127	399.5	0.737	0.425	5.40	12.6	9968.0	389.0	0.587	0.263	2.54	3.66	1.10
Fun2DMH6302	0.638	0.000801	391.9	0.586	0.350	3.28	8.02	10004.0	382.0	0.593	0.414	2.08	3.00	0.904
Fun2DMH6303	0.639	0.000559	365.4	0.558	0.293	2.79	5.58	9996.0	353.0	0.605	0.442	1.72	2.48	0.747
Fun2DMH6304	0.487	0.00133	388.2	0.739	0.434	5.48	13.2	9908.0	382.0	0.540	0.261	2.58	3.72	1.12
Fun2DMH6305	0.682	0.00061	291.1	0.529	0.319	2.76	6.03	9880.0	281.0	0.525	0.471	1.80	2.59	0.780
Fun2DMH6306	0.568	0.00102	438.6	0.659	0.382	4.05	10.1	9921.0	425.0	0.587	0.341	2.31	3.34	1.00
Fun2DMH6307	0.612	0.00119	460.9	0.622	0.403	3.85	11.8	9888.0	455.0	0.520	0.378	2.47	3.56	1.07
Fun2DMH6308	0.696	0.000648	410.7	0.512	0.313	2.69	6.46	9975.0	387.0	0.621	0.488	1.87	2.69	0.810
Fun2DMH6309	0.549	0.00125	452.6	0.689	0.415	4.71	12.5	9935.0	436.0	0.606	0.311	2.52	3.64	1.10
Fun2DMH6310	0.554	0.000911	352.4	0.674	0.376	4.16	9.04	9920.0	347.0	0.540	0.326	2.20	3.18	0.956
Fun2DMH6311	0.619	0.000827	348.7	0.607	0.361	3.46	8.19	9903.0	337.0	0.559	0.393	2.10	3.03	0.913
Fun2DMH6312	0.421	0.000833	266.0	0.729	0.381	4.57	8.26	9917.0	254.0	0.557	0.271	2.11	3.05	0.917
Fun2DMH63ZH01	0.734	0.000547	472.3	0.455	0.278	2.31	5.48	10025.0	458.0	0.641	0.545	1.70	2.45	0.739
Fun2DMH63ZH02	0.510	0.000908	285.0	0.706	0.391	4.50	9.00	9912.0	276.0	0.520	0.294	2.20	3.17	0.954
Fun2DMH63ZH03	0.501	0.00108	314.6	0.722	0.415	4.93	10.8	9916.0	307.0	0.519	0.278	2.38	3.43	1.03
Fun2DMH63ZH04	0.639	0.000625	261.5	0.578	0.329	3.07	6.17	9874.0	252.0	0.518	0.422	1.82	2.63	0.791
Fun2DMH63ZH05	0.686	0.000572	301.9	0.521	0.306	2.68	5.66	9898.0	291.0	0.545	0.479	1.73	2.50	0.753
Fun2DMH63ZH06	0.297	0.000931	190.4	0.811	0.426	6.21	9.22	9905.0	185.0	0.495	0.189	2.22	3.21	0.965
Fun2DMH63ZH07	0.643	0.000721	315.3	0.576	0.343	3.14	7.13	9881.0	305.0	0.533	0.424	1.96	2.83	0.853
Fun2DMH63ZH08	0.526	0.000693	274.9	0.681	0.345	3.90	6.89	9937.0	267.0	0.563	0.319	1.93	2.78	0.838
Fun2DMH63ZH09	0.652	0.000611	346.3	0.556	0.311	2.87	6.07	9933.0	331.0	0.599	0.444	1.80	2.60	0.783
Fun2DMH63ZH10	0.739	0.000408	341.7	0.442	0.242	2.16	4.07	9967.0	327.0	0.628	0.558	1.40	2.03	0.610
Fun2DMH63ZH11	0.453	0.000931	296.3	0.738	0.394	4.89	9.25	9939.0	283.0	0.563	0.262	2.22	3.21	0.966
Fun2DMH63ZH12	0.574	0.000679	301.9	0.624	0.335	3.34	6.71	9891.0	294.0	0.553	0.376	1.90	2.75	0.827
Fun2DMH63ZH13	0.333	0.00117	230.3	0.817	0.455	6.86	11.6	9902.0	220.0	0.493	0.183	2.45	3.54	1.07
Fun2DMH63ZH14	0.488	0.000562	263.6	0.651	0.312	3.34	5.58	9933.0	248.0	0.582	0.349	1.72	2.48	0.747
Fun2DMH63ZH15	0.554	0.00082	268.0	0.665	0.376	3.94	8.11	9890.0	260.0	0.490	0.335	2.09	3.02	0.909
Fun2DWYJ01	0.551	0.000545	263.8	0.625	0.305	3.17	5.42	9934.0	254.0	0.557	0.375	1.69	2.44	0.734
Fun2DWYJ02	0.527	0.00056	287.2	0.632	0.308	3.21	5.59	9984.0	268.0	0.599	0.368	1.72	2.48	0.747
Fun2DWYJ03	0.440	0.000487	232.5	0.626	0.290	3.02	4.83	9924.0	226.0	0.524	0.374	1.57	2.27	0.684
Fun2DWYJ04	0.454	0.000571	254.1	0.665	0.319	3.48	5.69	9966.0	231.0	0.586	0.335	1.74	2.51	0.755
Fun2DWYJ05	0.434	0.000454	202.0	0.624	0.285	2.98	4.50	9916.0	197.0	0.495	0.376	1.50	2.17	0.653
Fun2DWYJ06	0.389	0.000648	251.8	0.721	0.341	4.15	6.46	9967.0	238.0	0.594	0.279	1.87	2.69	0.810
Fun2DWYJ07	0.465	0.000603	222.5	0.678	0.332	3.65	5.98	9912.0	218.0	0.493	0.322	1.79	2.58	0.776
Fun2DWYJ08	0.575	0.000663	333.3	0.634	0.328	3.43	6.60	9945.0	316.0	0.593	0.366	1.89	2.72	0.819
Fun2DWYJ09	0.418	0.000653	244.3	0.717	0.344	4.13	6.52	9982.0	233.0	0.568	0.283	1.87	2.70	0.814
Fun2DWYJ10	0.580	0.000535	248.0	0.596	0.303	2.95	5.28	9882.0	243.0	0.492	0.404	1.66	2.40	0.723
Fun2DWYJ11	0.603	0.000638	292.6	0.608	0.329	3.25	6.36	9964.0	275.0	0.580	0.392	1.85	2.67	0.804
Fun2DWYJ12	0.591	0.000516	235.5	0.591	0.300	2.92	5.10	9892.0	228.0	0.489	0.409	1.63	2.35	0.708
Fun2DWYJ13	0.442	0.000703	221.0	0.723	0.361	4.28	6.97	9922.0	217.0	0.468	0.277	1.94	2.80	0.843
Fun2DWYJ14	0.545	0.00067	301.7	0.647	0.334	3.51	6.69	9987.0	295.0	0.571	0.353	1.90	2.74	0.825
Fun2DWYJ15	0.560	0.00062	235.7	0.638	0.334	3.41	6.14	9896.0	230.0	0.468	0.362	1.81	2.62	0.788
Fun2WMH6301	0.346	0.000957	234.2	0.756	0.414	5.13	9.48	9903.0	228.0	0.463	0.244	2.25	3.24	0.977
Fun2WMH6302	0.353	0.00143	301.5	0.816	0.466	7.24	14.2	9931.0	294.0	0.485	0.184	2.65	3.82	1.15
Fun2WMH6303	0.616	0.000759	390.1	0.605	0.341	3.36	7.53	9920.0	375.0	0.614	0.395	2.02	2.91	0.877
Fun2WMH6304	0.489	0.000958	295.8	0.720	0.401	4.72	9.48	9896.0	274.0	0.553	0.280	2.25	3.24	0.977
Fun2WMH6305	0.415	0.000612	239.2	0.674	0.331	3.59	6.07	9920.0	233.0	0.513	0.326	1.80	2.60	0.783
Fun2WMH6306	0.585	0.000852	327.1	0.641	0.369	3.75	8.42	9891.0	322.0	0.486	0.359	2.13	3.07	0.926
Fun2WMH6307	0.350	0.000931	300.8	0.767	0.393	5.28	9.26	9947.0	287.0	0.583	0.233	2.23	3.21	0.966
Fun2WMH6308	0.663	0.000647	400.7	0.546	0.313	2.84	6.45	9970.0	390.0	0.604	0.454	1.86	2.69	0.810
Fun2WMH6309	0.396	0.00123	278.9	0.786	0.446	6.19	12.2	9905.0	271.0	0.467	0.214	2.50	3.61	1.09
Fun2WMH6310	0.666	0.000522	310.2	0.529	0.286	2.61	5.15	9860.0	307.0	0.487	0.471	1.64	2.36	0.712
Fun2WMH6311	0.365	0.00102	274.0	0.757	0.414	5.22	10.1	9872.0	265.0	0.477	0.243	2.31	3.33	1.00
Fun2WMH6312	0.407	0.000603	278.9	0.668	0.318	3.50	5.99	9923.0	276.0	0.487	0.332	1.79	2.58	0.777
Fun2WMH63ZH01	0.681	0.00069	464.2	0.529	0.316	2.79	6.91	10014.0	456.0	0.604	0.471	1.93	2.79	0.840
Fun2WMH63ZH02	0.476	0.000686	347.4	0.661	0.332	3.54	6.79	9893.0	320.0	0.576	0.339	1.92	2.76	0.832
Fun2WMH63ZH03	0.598	0.00103	425.1	0.633	0.385	3.84	10.2	9904.0	416.0	0.542	0.367	2.32	3.35	1.01
Fun2WMH63ZH04	0.565	0.000845	403.5	0.659	0.359	3.91	8.43	9980.0	380.0	0.648	0.341	2.13	3.08	0.926
Fun2WMH63ZH05	0.418	0.000991	302.4	0.767	0.403	5.43	9.80	9892.0	288.0	0.557	0.233	2.28	3.29	0.991
Fun2WMH63ZH06	0.410	0.000915	288.2	0.737	0.390	4.76	9.06	9907.0	284.0	0.456	0.263	2.20	3.18	0.957
Fun2WMH63ZH07	0.370	0.000652	219.8	0.745	0.350	4.45	6.46	9913.0	206.0	0.585	0.255	1.87	2.69	0.810
Fun2WMH63ZH08	0.478	0.00059	271.9	0.659	0.316	3.44	5.84	9893.0	264.0	0.555	0.341	1.76	2.54	0.766
Fun2WMH63ZH09	0.553	0.000581	251.8	0.638	0.318	3.35	5.76	9908.0	247.0	0.524	0.362	1.75	2.53	0.760
Fun2WMH63ZH10	0.596	0.00095	354.6	0.633	0.383	3.79	9.42	9910.0	350.0	0.530	0.367	2.24	3.24	0.974
Fun2WMH63ZH11	0.530	0.000759	323.5	0.665	0.350	3.77	7.51	9893.0	316.0	0.549	0.335	2.02	2.91	0.876
Fun2WMH63ZH12	0.377	0.000695	256.4	0.712	0.351	4.12	6.90	9926.0	246.0	0.555	0.288	1.93	2.79	0.839
Fun2WMH63ZH13	0.442	0.00108	290.6	0.759	0.421	5.47	10.7	9909.0	280.0	0.541	0.241	2.37	3.43	1.03
Fun2WMH63ZH14	0.445	0.00104	345.3	0.748	0.402	5.13	10.3	9925.0	332.0	0.559	0.252	2.33	3.37	1.01
Fun2WMH63ZH15	0.379	0.000842	291.2	0.742	0.379	4.72	8.35	9919.0	272.0	0.568	0.258	2.12	3.06	0.922
Fun2WWYJ01	0.542	0.00049	305.1	0.606	0.280	2.92	4.89	9977.0	291.0	0.599	0.394	1.59	2.29	0.690
Fun2WWYJ02	0.455	0.00104	260.9	0.735	0.422	4.97	10.3	9926.0	251.0	0.440	0.265	2.33	3.36	1.01
Fun2WWYJ03	0.530	0.000844	391.2	0.668	0.360	3.89	8.43	9985.0	372.0	0.614	0.332	2.13	3.08	0.926
Fun2WWYJ04	0.554	0.000503	294.7	0.601	0.285	2.91	5.01	9956.0	287.0	0.545	0.399	1.61	2.32	0.700
Fun2WWYJ05	0.488	0.000451	279.1	0.607	0.269	2.85	4.50	9967.0	268.0	0.595	0.393	1.50	2.17	0.653
Fun2WWYJ06	0.489	0.000642	298.8	0.679	0.328	3.71	6.39	9943.0	283.0	0.574	0.321	1.85	2.67	0.805
Fun2WWYJ07	0.458	0.000443	226.6	0.609	0.275	2.84	4.39	9917.0	217.0	0.482	0.391	1.48	2.13	0.642
Fun2WWYJ08	0.509	0.000482	233.2	0.619	0.289	2.99	4.78	9920.0	224.0	0.516	0.381	1.56	2.26	0.679
Fun2WWYJ09	0.515	0.000478	244.3	0.608	0.284	2.90	4.74	9914.0	239.0	0.475	0.392	1.56	2.25	0.676
Fun2WWYJ10	0.646	0.000669	343.9	0.569	0.327	3.02	6.67	9970.0	331.0	0.566	0.431	1.90	2.74	0.824
Fun2WWYJ11	0.482	0.000524	221.2	0.646	0.307	3.25	5.20	9930.0	215.0	0.505	0.354	1.65	2.38	0.716
Fun2WWYJ12	0.664	0.000486	312.8	0.527	0.276	2.56	4.84	9949.0	303.0	0.569	0.473	1.58	2.27	0.685
Fun2WWYJ13	0.570	0.00046	304.3	0.582	0.268	2.74	4.59	9978.0	297.0	0.564	0.418	1.52	2.20	0.662
Fun2WWYJ14	0.658	0.000708	391.1	0.554	0.328	2.94	7.04	9954.0	382.0	0.546	0.446	1.95	2.82	0.848
Fun2WWYJ15	0.517	0.000565	326.0	0.634	0.301	3.22	5.63	9970.0	311.0	0.631	0.366	1.73	2.49	0.750
FunDMH6301	0.379	0.00108	371.3	0.789	0.405	5.92	10.8	9981.0	356.0	0.605	0.211	2.38	3.43	1.03
FunDMH6302	0.400	0.00111	277.2	0.776	0.428	5.82	11.0	9903.0	270.0	0.517	0.224	2.40	3.46	1.04
FunDMH6303	0.349	0.00112	243.3	0.808	0.440	6.48	11.1	9885.0	239.0	0.467	0.192	2.41	3.47	1.05
FunDMH6304	0.445	0.00111	293.7	0.764	0.425	5.66	11.0	9930.0	283.0	0.539	0.236	2.40	3.46	1.04
FunDMH6305	0.348	0.00123	238.9	0.817	0.458	6.95	12.2	9899.0	234.0	0.451	0.183	2.50	3.61	1.09
FunDMH6306	0.460	0.000763	303.0	0.690	0.355	3.96	7.57	9919.0	297.0	0.523	0.310	2.02	2.92	0.879
FunDMH6307	0.309	0.00123	244.5	0.838	0.459	7.58	12.2	9935.0	232.0	0.558	0.162	2.50	3.61	1.09
FunDMH6308	0.461	0.000885	301.8	0.725	0.383	4.61	8.79	9937.0	290.0	0.550	0.275	2.17	3.14	0.944
FunDMH6309	0.380	0.000884	230.2	0.752	0.400	4.98	8.74	9896.0	225.0	0.469	0.248	2.17	3.13	0.942
FunDMH6310	0.453	0.000972	321.7	0.740	0.395	4.95	9.64	9910.0	312.0	0.534	0.260	2.27	3.27	0.984
FunDMH6311	0.423	0.00116	331.1	0.774	0.426	5.87	11.5	9921.0	310.0	0.585	0.226	2.44	3.52	1.06
FunDMH6312	0.488	0.000806	328.8	0.699	0.360	4.17	7.99	9923.0	324.0	0.535	0.301	2.08	3.00	0.903
FunDMH6313	0.348	0.00137	284.9	0.825	0.464	7.42	13.6	9926.0	277.0	0.514	0.175	2.61	3.76	1.13
FunDMH6314	0.361	0.00109	283.7	0.796	0.424	6.15	10.8	9908.0	274.0	0.527	0.204	2.38	3.43	1.03
FunDMH6315	0.331	0.00123	240.6	0.825	0.459	7.19	12.3	9923.0	236.0	0.473	0.175	2.51	3.62	1.09
FunDMH63ZH01	0.384	0.000735	305.5	0.710	0.350	4.14	7.30	9930.0	295.0	0.588	0.290	1.99	2.87	0.863
FunDMH63ZH02	0.310	0.00155	321.0	0.836	0.477	7.98	15.4	9918.0	308.0	0.495	0.164	2.73	3.94	1.19
FunDMH63ZH03	0.354	0.000882	255.5	0.753	0.392	4.91	8.73	9903.0	250.0	0.462	0.247	2.17	3.13	0.941
FunDMH63ZH04	0.371	0.00078	237.3	0.753	0.378	4.80	7.73	9912.0	223.0	0.549	0.247	2.04	2.95	0.888
FunDMH63ZH05	0.360	0.00102	332.2	0.745	0.402	4.99	10.1	9938.0	320.0	0.555	0.255	2.32	3.34	1.01
FunDMH63ZH06	0.435	0.000836	324.1	0.716	0.367	4.34	8.25	9874.0	312.0	0.550	0.284	2.11	3.04	0.916
FunDMH63ZH07	0.517	0.000862	322.1	0.681	0.372	4.04	8.53	9903.0	319.0	0.466	0.319	2.14	3.09	0.931
FunDMH63ZH08	0.470	0.000651	258.3	0.677	0.337	3.70	6.45	9910.0	251.0	0.516	0.323	1.86	2.69	0.810
FunDMH63ZH09	0.291	0.0015	292.2	0.835	0.479	7.95	15.0	9944.0	283.0	0.514	0.165	2.70	3.90	1.17
FunDMH63ZH10	0.440	0.000591	230.4	0.707	0.329	3.90	5.87	9936.0	219.0	0.586	0.293	1.77	2.55	0.769
FunDMH63ZH11	0.373	0.00124	330.8	0.799	0.438	6.46	12.3	9942.0	310.0	0.559	0.201	2.51	3.63	1.09
FunDMH63ZH12	0.446	0.000588	253.3	0.681	0.321	3.63	5.83	9925.0	243.0	0.557	0.319	1.76	2.54	0.766
FunDMH63ZH13	0.441	0.000571	254.0	0.658	0.315	3.39	5.67	9935.0	246.0	0.534	0.342	1.74	2.50	0.754
FunDMH63ZH14	0.440	0.000842	366.5	0.728	0.366	4.55	8.43	10005.0	337.0	0.636	0.272	2.13	3.08	0.926
FunDMH63ZH15	0.303	0.00106	228.5	0.824	0.435	6.70	10.5	9940.0	222.0	0.484	0.176	2.35	3.39	1.02
FunDWYJ01	0.481	0.00117	273.2	0.740	0.439	5.34	11.6	9928.0	267.0	0.474	0.260	2.45	3.54	1.06
FunDWYJ02	0.436	0.000698	252.8	0.714	0.355	4.18	6.97	9983.0	238.0	0.569	0.286	1.94	2.80	0.843
FunDWYJ03	0.433	0.00107	273.0	0.757	0.422	5.39	10.6	9914.0	268.0	0.494	0.243	2.36	3.40	1.02
FunDWYJ04	0.449	0.00122	286.4	0.774	0.447	6.13	12.2	9973.0	270.0	0.550	0.226	2.50	3.61	1.09
FunDWYJ05	0.327	0.000629	112.9	0.767	0.390	4.76	6.26	9948.0	110.0	0.414	0.233	1.83	2.65	0.796
FunDWYJ06	0.423	0.000702	267.8	0.714	0.351	4.19	7.01	9983.0	257.0	0.612	0.286	1.95	2.81	0.846
FunDWYJ07	0.475	0.000879	169.4	0.742	0.424	5.06	8.73	9933.0	165.0	0.446	0.258	2.17	3.13	0.941
FunDWYJ08	0.255	0.00129	159.6	0.863	0.505	8.67	12.8	9930.0	156.0	0.357	0.137	2.55	3.68	1.11
FunDWYJ09	0.419	0.00118	246.1	0.782	0.451	6.14	11.7	9910.0	233.0	0.526	0.218	2.46	3.55	1.07
FunDWYJ10	0.305	0.00096	186.0	0.809	0.436	6.21	9.55	9953.0	177.0	0.478	0.191	2.26	3.26	0.980
FunDWYJ11	0.395	0.000997	268.0	0.768	0.412	5.43	9.89	9915.0	259.0	0.523	0.232	2.29	3.31	0.995
FunDWYJ12	0.345	0.00126	333.0	0.816	0.440	6.89	12.6	9996.0	318.0	0.583	0.184	2.54	3.66	1.10
FunDWYJ13	0.304	0.0015	264.6	0.843	0.487	8.33	14.9	9938.0	259.0	0.500	0.157	2.70	3.90	1.17
FunDWYJ14	0.267	0.00167	214.9	0.880	0.526	10.5	16.6	9923.0	209.0	0.424	0.120	2.81	4.05	1.22
FunDWYJ15	0.454	0.0011	323.9	0.744	0.419	5.24	10.9	9969.0	301.0	0.583	0.256	2.39	3.45	1.04
FunWMH6301	0.461	0.00103	360.4	0.744	0.397	5.09	10.2	9940.0	347.0	0.566	0.256	2.32	3.35	1.01
FunWMH6302	0.527	0.000855	337.8	0.678	0.370	4.03	8.46	9893.0	319.0	0.556	0.322	2.14	3.08	0.928
FunWMH6303	0.511	0.00116	387.3	0.721	0.411	5.03	11.5	9916.0	376.0	0.568	0.279	2.44	3.52	1.06
FunWMH6304	0.633	0.000687	326.9	0.580	0.332	3.09	6.78	9879.0	320.0	0.498	0.420	1.91	2.76	0.832
FunWMH6305	0.440	0.000828	273.3	0.717	0.376	4.38	8.19	9897.0	270.0	0.443	0.283	2.10	3.03	0.913
FunWMH6306	0.509	0.0011	391.2	0.715	0.404	4.83	11.0	9936.0	378.0	0.570	0.285	2.39	3.46	1.04
FunWMH6307	0.646	0.000874	388.5	0.578	0.362	3.27	8.63	9875.0	384.0	0.481	0.422	2.16	3.11	0.936
FunWMH6308	0.519	0.00076	320.4	0.663	0.351	3.69	7.49	9854.0	312.0	0.498	0.337	2.01	2.91	0.875
FunWMH6309	0.417	0.0011	296.9	0.788	0.423	6.11	10.9	9916.0	287.0	0.524	0.212	2.39	3.45	1.04
FunWMH6310	0.471	0.00169	472.6	0.764	0.462	6.42	16.8	9909.0	447.0	0.592	0.236	2.82	4.07	1.23
FunWMH6311	0.518	0.00125	376.9	0.719	0.426	5.15	12.4	9888.0	366.0	0.548	0.281	2.52	3.63	1.09
FunWMH6312	0.492	0.00124	416.3	0.732	0.418	5.23	12.3	9909.0	403.0	0.574	0.268	2.51	3.62	1.09
FunWMH6313	0.565	0.00107	402.1	0.668	0.395	4.25	10.6	9896.0	394.0	0.559	0.332	2.36	3.41	1.03
FunWMH6314	0.433	0.00166	384.7	0.790	0.472	6.98	16.4	9894.0	375.0	0.527	0.210	2.80	4.03	1.21
FunWMH6315	0.500	0.00132	346.9	0.735	0.440	5.48	13.0	9864.0	343.0	0.471	0.265	2.57	3.70	1.11
FunWMH63ZH01	0.511	0.00124	465.1	0.717	0.412	4.98	12.3	9952.0	449.0	0.618	0.283	2.51	3.63	1.09
FunWMH63ZH02	0.440	0.000894	307.5	0.734	0.382	4.71	8.87	9923.0	301.0	0.526	0.266	2.18	3.15	0.948
FunWMH63ZH03	0.370	0.00165	389.2	0.831	0.470	8.21	16.3	9910.0	379.0	0.582	0.169	2.79	4.03	1.21
FunWMH63ZH04	0.310	0.00163	216.4	0.856	0.519	9.28	16.2	9915.0	214.0	0.419	0.144	2.78	4.02	1.21
FunWMH63ZH05	0.443	0.00133	364.3	0.778	0.440	6.30	13.2	9928.0	355.0	0.570	0.222	2.58	3.73	1.12
FunWMH63ZH06	0.327	0.00112	245.3	0.786	0.440	6.00	11.1	9895.0	237.0	0.479	0.214	2.41	3.47	1.05
FunWMH63ZH07	0.544	0.000897	337.1	0.670	0.376	4.01	8.85	9862.0	332.0	0.477	0.330	2.18	3.15	0.947
FunWMH63ZH08	0.335	0.000938	239.2	0.785	0.409	5.55	9.29	9907.0	234.0	0.451	0.215	2.23	3.22	0.968
FunWMH63ZH09	0.502	0.00134	371.0	0.731	0.437	5.36	13.2	9831.0	364.0	0.482	0.269	2.58	3.72	1.12
FunWMH63ZH10	0.423	0.0015	315.0	0.792	0.470	6.85	14.8	9875.0	309.0	0.481	0.208	2.70	3.89	1.17
FunWMH63ZH11	0.442	0.000871	318.4	0.740	0.378	4.79	8.67	9952.0	305.0	0.575	0.260	2.16	3.12	0.938
FunWMH63ZH12	0.415	0.00127	324.6	0.773	0.439	5.89	12.5	9887.0	317.0	0.478	0.227	2.53	3.65	1.10
FunWMH63ZH13	0.457	0.00128	333.4	0.765	0.439	5.93	12.7	9894.0	327.0	0.503	0.235	2.54	3.67	1.10
FunWMH63ZH14	0.637	0.000888	410.8	0.586	0.362	3.31	8.78	9894.0	404.0	0.509	0.414	2.17	3.13	0.944
FunWMH63ZH15	0.589	0.00116	395.0	0.648	0.409	4.14	11.5	9874.0	388.0	0.530	0.352	2.44	3.52	1.06
FunWWYJ01	0.573	0.000893	407.1	0.654	0.368	3.93	8.94	10009.0	382.0	0.611	0.346	2.19	3.16	0.951
FunWWYJ02	0.368	0.000758	288.1	0.726	0.359	4.37	7.56	9969.0	279.0	0.564	0.274	2.02	2.92	0.879
FunWWYJ03	0.555	0.000472	225.4	0.600	0.287	2.88	4.69	9930.0	216.0	0.521	0.400	1.55	2.23	0.671
FunWWYJ04	0.451	0.000859	272.7	0.735	0.384	4.73	8.53	9935.0	266.0	0.521	0.265	2.14	3.09	0.931
FunWWYJ05	0.388	0.000564	181.1	0.724	0.337	4.02	5.60	9931.0	167.0	0.506	0.276	1.72	2.49	0.748
FunWWYJ06	0.379	0.000826	259.2	0.743	0.380	4.72	8.20	9920.0	255.0	0.488	0.257	2.10	3.04	0.914
FunWWYJ07	0.546	0.000399	222.6	0.583	0.256	2.67	3.97	9941.0	217.0	0.555	0.417	1.38	1.99	0.599
FunWWYJ08	0.430	0.000837	301.6	0.715	0.371	4.33	8.27	9890.0	297.0	0.490	0.285	2.11	3.05	0.918
FunWWYJ09	0.501	0.00104	328.4	0.708	0.404	4.61	10.3	9851.0	323.0	0.475	0.292	2.33	3.36	1.01
FunWWYJ10	0.444	0.000789	334.1	0.692	0.355	3.97	7.80	9892.0	324.0	0.538	0.308	2.05	2.96	0.892
FunWWYJ11	0.422	0.000896	372.7	0.738	0.373	4.76	8.95	9992.0	357.0	0.626	0.262	2.19	3.16	0.952
FunWWYJ12	0.431	0.00121	357.8	0.762	0.424	5.59	12.0	9947.0	353.0	0.489	0.238	2.49	3.59	1.08
FunWWYJ13	0.631	0.000652	262.3	0.587	0.336	3.14	6.44	9874.0	256.0	0.471	0.413	1.86	2.69	0.809
FunWWYJ14	0.410	0.000917	272.4	0.760	0.398	5.15	9.09	9908.0	257.0	0.516	0.240	2.21	3.18	0.958
FunWWYJ15	0.459	0.000946	257.5	0.750	0.404	5.17	9.37	9902.0	254.0	0.467	0.250	2.24	3.23	0.972
