#OTU ID	TABS1	TABS2	TABS3	TABS4	TABS5	TAD10	TAD1	TAD2	TAD3	TAD4	TAD5	TAD6	TAD7	TAD8	TAD9	TAE0BS1	TAE0BS2	TAE0BS3	TAE0BS4	TAE0BS5	TAE0D1	TAE0D4	TAE0D5	TAE0D7	TAE0D9	TAE0H10	TAE0H6	TAE0H7	TAE0H8	TAE0H9	TAH10	TAH1	TAH2	TAH3	TAH4	TAH5	TAH6	TAH7	TAH8	TAH9
OTU_95	39	186	158	22	38	0	6	0	0	2	0	0	6	31	1	33	191	186	12	36	0	0	0	6	1	11	0	5	0	0	10	19	17	0	0	0	0	0	0	0
OTU_28	434	123	812	271	594	1	14	3	1	3	4	0	2	3	2	430	117	810	292	576	4	6	0	3	2	8	34	32	2	0	9	20	14	6	5	1	41	18	2	0
OTU_9	406	151	217	147	121	75	637	142	215	478	340	684	76	133	443	399	113	218	151	139	789	453	288	81	415	380	199	4975	264	56	387	134	165	63	72	32	250	5332	289	53
OTU_23	1075	629	463	364	778	1	17	22	11	22	13	6	15	61	8	1039	662	468	337	703	29	16	8	27	12	217	27	31	20	11	166	99	47	2	7	4	5	34	16	5
OTU_738	276	155	108	101	180	5	4	10	5	3	2	1	4	16	3	303	148	125	94	146	5	10	1	3	1	401	4	67	8	0	364	70	30	0	1	0	4	51	10	0
OTU_27	817	205	1253	192	307	0	7	0	15	40	0	0	2	7	1	800	200	1129	170	294	8	39	3	5	2	4	29	6	0	0	14	20	16	0	0	0	26	3	0	0
OTU_44	301	245	317	458	187	0	4	3	4	8	9	0	1	4	7	290	226	327	462	193	2	16	12	4	6	18	37	1	0	4	18	23	8	0	4	3	26	2	1	4
OTU_92	306	35	58	250	67	13	4	5	29	5	5	4	9	18	9	307	46	60	229	67	4	9	3	9	15	9	55	2	0	6	4	10	21	43	18	21	40	4	0	3
OTU_19	522	20	3	1	2	0	2	555	0	0	0	2	937	1391	1291	574	25	4	0	2	5	0	0	954	1218	46	30	22	19	3575	62	3	27	2176	1557	1188	30	20	7	3695
OTU_46	385	225	190	490	1150	2	0	9	21	5	5	15	1	1	7	427	234	210	478	1161	0	11	13	2	6	130	229	13	3	7	143	19	49	41	2	10	274	10	3	7
OTU_35	547	346	542	426	341	75	116	20	37	28	25	5	28	27	183	527	386	552	441	345	96	25	32	27	183	207	667	32	97	120	200	34	53	12	19	75	775	24	76	141
OTU_168	18	11	37	36	54	0	2	0	0	0	0	0	0	0	0	15	12	39	36	59	0	0	0	0	0	1	0	0	1	0	1	0	2	0	0	0	0	0	3	0
OTU_29	212	45	30	34	161	30	3279	101	64	83	60	34	71	174	63	264	52	53	43	129	3353	78	62	85	72	196	16	144	21	2	176	334	82	2	17	1	25	138	26	2
OTU_76	171	29	98	144	147	0	0	4	0	9	1	1	0	18	83	146	26	89	164	177	0	10	3	0	70	9	3	29	1	0	4	4	20	0	0	0	0	21	0	0
OTU_79	439	98	384	159	389	0	0	1	9	6	0	11	21	13	1	415	117	375	175	367	1	5	1	28	6	12	10	5	6	0	21	15	15	0	0	0	15	4	4	2
OTU_26	84	7	26	81	133	20	197	9	148	37	25	49	81	651	55	85	8	17	73	124	162	27	27	95	52	2341	2	415	1	0	2413	684	150	0	0	1	5	341	1	11
OTU_173	67	32	69	16	33	0	6	1	4	5	3	2	0	34	21	104	36	78	18	38	1	6	1	2	12	4	0	0	1	0	7	2	1	0	0	0	0	0	1	0
OTU_117	90	26	69	28	99	0	11	0	0	1	0	1	0	1	1	71	28	80	29	93	10	0	0	2	1	22	0	0	0	0	19	2	2	0	0	0	0	0	0	0
OTU_61	618	136	37	13	85	1	0	0	1	2	0	2	0	0	1	587	137	52	18	89	0	0	0	0	1	1	17	1	5	0	5	3	5	0	2	0	9	0	2	2
OTU_311	7	12	9	4	0	0	0	0	4	0	0	0	0	1	0	13	15	9	2	1	0	0	0	0	0	0	0	0	0	2	6	0	0	0	1	0	0	0	1	7
OTU_639	5	1	6	2	2	0	0	0	0	0	0	0	0	1	0	2	0	5	0	3	0	0	0	0	0	0	0	0	0	0	0	0	0	0	0	0	0	0	0	0
OTU_269	14	10	6	3	7	1	0	6	4	1	1	2	1	0	0	22	6	12	2	9	0	0	3	2	0	0	5	0	0	2	0	1	0	0	0	0	3	2	0	0
OTU_30	24	22	43	53	32	4	0	11	9	20	3	0	12	124	3	15	29	54	37	28	0	24	6	14	7	45	1209	0	1754	216	63	26	476	17	19	271	1054	0	1555	149
OTU_160	133	8	10	7	22	0	0	0	0	0	0	0	0	0	0	139	12	12	8	36	0	0	0	0	0	1	1	0	6	1	0	7	11	0	0	0	2	0	13	0
OTU_166	21	24	50	69	169	0	0	3	0	2	3	0	2	0	1	30	29	58	55	168	2	1	8	1	2	0	0	1	1	0	0	5	0	5	0	0	0	0	0	0
OTU_163	68	2	29	33	38	1	0	1	1	0	1	0	0	2	0	67	3	22	30	47	0	4	0	0	0	0	0	1	0	0	0	0	0	0	0	0	0	2	0	0
OTU_113	228	4	31	5	25	0	0	0	0	0	0	0	0	0	0	251	7	23	5	27	0	0	0	0	0	1	0	1	0	0	0	1	0	0	0	0	0	0	0	0
OTU_123	43	13	113	21	28	1	0	1	5	4	4	0	0	0	0	45	16	110	31	29	0	2	2	0	1	1	41	0	5	1	1	1	5	4	0	1	21	1	4	0
OTU_48	135	192	229	305	364	43	0	0	1	1	173	1	2	4	1	144	195	248	237	354	2	2	126	6	0	45	67	1	1	20	36	44	7	3	1	179	61	1	1	30
OTU_213	27	4	20	25	27	2	0	0	0	0	0	0	1	53	7	28	14	23	15	30	0	0	0	2	6	0	0	0	12	0	0	1	1	1	0	0	0	0	8	1
OTU_51	69	656	135	164	364	2	1	6	0	6	0	0	3	2	3	71	645	133	148	374	7	2	0	5	1	146	1	4	21	0	175	79	12	7	13	3	0	3	12	1
OTU_307	15	2	0	21	0	15	0	0	0	0	3	0	0	3	0	9	6	2	25	0	0	0	0	0	1	1	12	0	0	2	4	3	0	0	0	0	8	0	0	5
OTU_193	1	0	0	108	0	0	0	0	0	0	0	0	0	0	0	0	1	0	94	1	0	0	0	0	0	0	0	0	0	0	0	0	0	0	0	0	0	0	0	0
OTU_12	48	64	80	74	115	647	248	68	2177	760	40	310	1179	319	247	52	52	82	98	107	205	848	74	1205	247	488	1249	78	831	1880	479	170	425	1793	578	2729	1245	58	828	1879
OTU_1070	1	2	0	2	0	0	0	0	0	0	4	0	0	0	0	0	1	0	0	0	0	0	4	0	0	0	4	0	0	0	0	0	0	0	0	0	2	0	1	0
OTU_133	97	33	90	66	80	1	64	2	7	14	5	0	6	38	0	114	37	77	76	92	44	14	8	10	1	33	6	26	6	7	59	66	32	0	1	7	14	25	9	6
OTU_154	63	1	5	73	87	3	0	0	0	0	0	0	1	0	1	51	2	6	55	44	0	0	0	0	3	0	3	0	1	0	0	3	0	0	0	0	2	0	0	0
OTU_179	127	0	0	0	0	0	0	0	0	0	0	0	0	0	0	88	0	0	0	0	0	0	1	0	0	0	0	0	0	0	0	0	0	0	0	0	0	0	0	0
OTU_447	13	8	1	3	3	0	0	0	2	0	0	0	0	0	1	13	6	1	5	1	0	1	0	0	4	0	0	0	0	0	0	0	0	0	0	0	2	0	0	0
OTU_41	68	73	17	721	38	13	0	26	14	0	60	1	2	13	3	67	90	12	760	32	3	3	76	5	0	156	744	8	245	180	126	2044	2210	677	136	500	786	2	254	180
OTU_852	2	0	5	0	1	0	0	0	0	0	0	0	0	0	0	0	0	6	1	2	0	0	0	0	0	0	0	0	0	0	0	0	0	0	0	0	0	1	0	0
OTU_2522	1	0	0	0	0	0	0	0	0	0	0	0	0	0	0	0	1	1	0	0	0	0	0	0	0	0	0	0	0	0	0	0	0	0	0	0	0	0	0	0
OTU_100	18	53	16	9	5	0	0	9	11	9	1	0	31	3	0	18	65	16	11	4	0	13	1	38	2	55	65	0	236	66	79	3	97	4	16	52	89	0	211	49
OTU_63	10	7	3	5	2	0	0	0	0	0	0	0	0	0	0	19	11	8	7	0	0	0	4	0	0	109	92	2	324	217	100	9	153	1462	216	1430	81	2	365	203
OTU_109	19	18	17	3	150	2	1	0	26	0	97	0	1	71	0	12	6	27	5	183	0	0	130	1	0	69	0	1	0	0	84	3	3	158	1	0	0	4	0	0
OTU_132	52	91	10	95	12	149	22	20	81	28	4	6	2	14	11	40	88	11	99	6	36	28	2	3	21	22	81	4	47	16	20	25	3	49	5	41	59	2	66	10
OTU_549	9	0	2	2	7	0	0	0	0	0	0	0	0	0	0	8	0	5	1	4	0	0	0	0	0	0	0	0	0	0	0	0	0	0	0	0	0	0	1	0
OTU_161	5	23	0	91	6	0	0	0	0	3	2	0	2	17	4	11	30	2	93	2	0	4	4	0	1	7	4	0	0	1	2	5	0	0	0	2	9	0	0	1
OTU_1352	13	2	0	1	0	0	2	5	0	11	6	0	14	25	0	16	1	0	1	0	0	4	9	12	1	23	7	9	0	0	25	6	1	1	0	0	7	19	1	0
OTU_1784	1	0	0	3	3	0	0	0	0	0	0	0	0	0	0	1	0	1	0	2	0	0	0	0	0	0	0	0	0	0	0	0	0	0	0	0	0	0	0	0
OTU_437	5	4	7	4	10	0	1	0	0	1	0	0	0	0	0	1	1	1	4	7	2	0	0	0	0	0	0	0	4	0	0	1	1	0	0	0	0	0	1	0
OTU_854	3	0	0	1	0	0	0	0	0	0	0	0	0	0	0	7	0	3	1	0	0	0	0	0	0	0	0	0	0	0	0	0	0	0	0	0	0	0	0	0
OTU_80	59	93	63	13	40	5	121	1	6	141	74	0	93	7	4	47	88	94	9	31	84	157	131	93	4	17	0	0	0	0	8	13	1	5	5	4	1	2	3	0
OTU_102	34	18	40	23	43	7	15	7	3	32	2	2	8	16	4	52	13	35	31	58	11	24	2	4	7	93	2	117	0	0	55	78	30	0	0	0	1	137	0	0
OTU_140	76	16	50	17	37	0	0	1	0	0	0	0	0	38	0	81	14	47	10	32	0	0	0	0	0	0	0	0	1	0	0	3	5	0	0	5	0	0	3	3
OTU_1450	1	0	1	1	1	0	1	0	0	0	0	0	0	0	0	1	2	1	0	0	0	0	0	3	0	0	0	0	4	0	2	2	8	0	0	0	0	0	1	0
OTU_139	2	4	179	6	0	0	0	1	0	0	0	0	0	0	0	1	3	214	6	0	0	0	0	0	0	0	3	0	1	1	0	0	2	0	2	0	3	0	4	2
OTU_223	50	2	2	13	10	0	12	2	5	3	0	0	1	2	2	48	3	2	11	11	18	1	0	1	2	0	0	2	0	0	0	39	0	0	0	0	0	0	0	0
OTU_775	3	0	3	0	0	3	0	1	0	0	0	0	0	0	0	7	0	0	0	0	0	0	0	0	0	0	2	0	0	0	0	0	0	0	0	0	0	0	0	0
OTU_1513	0	0	0	1	1	0	0	0	0	0	0	0	0	0	0	0	0	0	1	2	0	0	0	0	0	0	0	0	0	0	0	0	0	0	0	0	0	0	0	0
OTU_22	110	1340	646	336	455	0	3	4	6	22	10	0	19	40	0	134	1228	643	385	476	6	30	7	18	0	85	14	3	20	1	72	42	11	2	5	5	19	3	17	1
OTU_107	64	30	120	24	124	6	0	0	0	0	3	0	0	0	0	40	27	93	29	157	0	0	0	0	2	3	0	0	4	1	1	1	0	0	2	0	0	0	5	0
OTU_53	0	2	4	5	16	74	1	348	481	121	95	698	130	132	66	4	3	5	3	11	3	134	109	135	101	451	20	1	58	0	446	182	89	17	10	0	28	6	53	0
OTU_75	27	16	495	71	101	0	0	0	0	1	1	0	0	0	10	30	44	475	62	102	0	0	0	0	13	6	0	0	1	0	2	0	0	0	0	0	0	0	0	0
OTU_209	43	12	41	18	47	0	10	0	0	1	3	0	0	0	1	43	8	33	18	37	4	1	0	0	0	6	16	3	2	1	10	0	3	0	0	0	9	0	1	0
OTU_174	43	9	32	33	58	0	0	0	0	1	0	0	0	2	1	27	7	29	21	59	7	0	0	0	0	21	0	3	1	0	17	7	4	0	0	0	0	0	0	1
OTU_47	69	0	0	1414	0	5	0	32	1	4	0	0	155	0	0	81	0	0	1375	0	0	3	0	147	0	11	0	0	0	0	5	2112	0	0	0	0	0	0	6	0
OTU_851	5	2	1	3	3	0	0	0	0	0	0	0	0	0	0	1	1	1	4	4	1	0	0	0	0	0	0	0	0	0	0	3	0	0	0	0	0	0	0	0
OTU_285	13	0	5	4	11	0	0	0	1	0	0	0	0	0	0	28	1	15	2	10	0	0	0	0	0	0	1	0	0	0	0	0	0	0	0	0	0	0	0	0
OTU_1774	33	32	82	32	108	0	1	0	0	0	0	0	0	0	0	26	24	61	51	105	0	0	0	0	0	1	1	0	3	0	1	1	0	0	0	0	0	1	1	0
OTU_284	6	5	14	7	36	0	0	0	0	0	0	0	0	0	0	4	8	12	11	19	0	0	0	1	0	2	7	0	5	4	1	0	1	4	3	3	12	0	5	2
OTU_531	1	5	0	3	0	0	0	0	0	0	0	0	0	0	0	2	10	1	5	1	0	0	1	0	1	1	0	0	0	0	0	0	0	0	0	0	0	0	0	0
OTU_305	25	0	0	0	19	0	0	0	0	0	0	0	0	0	0	30	0	0	0	28	0	0	0	0	0	0	0	0	0	0	0	0	0	0	0	0	0	0	0	0
OTU_768	11	4	1	1	0	1	0	0	0	0	0	0	0	0	0	1	1	1	1	0	0	0	0	0	0	8	0	1	0	0	8	8	6	0	0	0	0	1	0	0
OTU_115	11	161	14	11	7	0	0	0	0	1	0	0	0	1	0	7	162	26	13	13	0	0	0	0	0	16	30	1	5	12	26	0	72	0	7	1	19	1	12	10
OTU_300	14	0	0	3	22	2	0	0	0	0	0	0	1	0	0	27	0	0	6	23	0	0	0	2	0	4	0	4	0	0	2	0	0	0	0	0	0	0	0	0
OTU_224	13	8	88	26	13	0	1	0	0	1	0	3	2	2	0	8	13	58	21	16	0	0	0	0	0	1	6	0	0	6	2	4	0	0	2	4	1	0	0	2
OTU_303	14	17	9	3	2	0	0	0	0	1	0	0	0	9	1	6	12	4	2	2	0	0	0	0	2	1	2	0	1	3	2	7	0	0	0	0	0	0	0	1
OTU_1849	1	0	1	0	2	0	0	0	0	0	0	0	0	0	0	1	0	1	3	0	0	0	0	0	0	0	0	0	0	0	0	0	1	0	0	0	0	0	0	0
OTU_258	17	0	1	17	0	0	0	0	0	0	0	0	0	0	1	14	2	5	16	0	0	0	0	0	2	2	31	0	0	0	2	0	0	0	2	0	22	0	0	0
OTU_72	57	81	172	94	218	0	0	0	0	0	0	0	0	0	0	51	84	211	129	257	0	0	1	0	0	302	0	0	0	0	251	40	2	0	0	0	0	3	1	1
OTU_770	26	0	1	0	0	0	0	0	0	0	0	0	0	0	0	13	0	0	0	1	0	0	0	0	0	0	0	0	0	0	0	0	0	0	0	0	0	0	0	0
OTU_1456	30	16	65	346	32	2	3	7	1	11	0	1	4	2	5	33	15	78	328	33	1	8	0	4	5	16	6	1	18	1	8	1	4	0	4	4	3	3	8	0
OTU_110	52	168	20	7	41	0	0	0	0	2	0	0	2	0	0	68	171	7	8	29	0	2	0	1	0	3	1	0	1	2	0	2	0	0	0	3	7	0	0	5
OTU_333	8	7	7	5	4	0	0	0	0	0	0	0	0	0	2	9	11	2	1	4	2	0	0	0	0	1	0	0	0	0	0	0	0	0	0	0	1	0	0	0
OTU_353	5	1	0	0	17	1	0	0	0	3	0	0	0	0	1	15	0	0	0	28	0	0	0	0	0	0	0	1	0	0	0	0	0	0	0	0	0	0	0	0
OTU_287	17	39	10	1	11	0	0	0	0	0	0	1	0	0	0	10	28	6	3	6	0	0	0	0	0	0	0	0	0	0	0	0	0	0	0	0	0	0	0	0
OTU_146	30	18	83	26	66	1	0	1	3	1	0	0	2	2	0	45	13	84	24	102	0	0	1	9	0	1	0	1	0	0	1	0	0	0	0	0	0	0	0	0
OTU_969	6	0	0	0	3	0	0	1	0	0	0	0	0	0	0	3	0	0	0	2	0	1	0	0	0	0	0	0	0	0	0	0	0	0	0	0	0	0	0	0
OTU_992	8	1	5	0	0	0	0	0	0	0	0	0	0	0	0	5	0	2	0	0	0	0	0	0	0	2	0	0	0	0	2	0	0	0	0	0	0	0	0	0
OTU_1549	0	0	0	0	0	0	0	0	0	0	0	0	0	0	0	0	0	0	0	0	0	0	0	0	0	0	0	0	0	0	0	2	0	0	0	0	0	0	0	0
OTU_2243	1	0	1	0	2	0	0	0	0	0	0	0	0	0	0	0	0	0	0	0	0	0	0	0	0	0	0	0	0	0	0	0	0	0	0	0	0	0	0	0
OTU_705	3	1	0	1	0	0	1	0	4	0	0	1	0	0	1	4	4	0	0	2	1	0	0	0	1	0	0	0	0	0	1	0	0	0	0	0	0	0	0	0
OTU_1708	2	0	0	0	0	0	0	0	0	0	0	0	0	0	0	1	0	0	0	0	0	0	0	0	0	0	0	0	0	0	0	0	0	0	0	0	0	0	0	0
OTU_566	10	14	3	0	0	0	0	0	0	2	4	0	1	1	2	7	10	1	0	0	0	6	0	1	0	0	0	2	0	0	1	4	0	0	0	0	0	0	0	0
OTU_2061	0	0	0	0	1	0	0	0	0	0	0	0	0	0	0	0	0	0	1	1	0	0	0	0	0	0	0	0	0	0	0	0	0	0	0	0	0	0	0	0
OTU_155	13	13	2	131	0	0	0	0	0	0	0	0	0	0	0	9	15	3	144	0	0	0	0	0	0	203	259	0	0	0	168	1	0	4	0	1	222	0	0	1
OTU_721	12	6	8	6	13	0	1	1	0	1	0	0	0	0	0	3	1	6	3	11	0	0	0	0	0	3	0	0	0	0	1	0	0	0	0	0	0	1	0	0
OTU_4	10	5	19	28	1	3614	583	5582	3709	5553	2772	6283	544	1466	3706	7	2	12	34	0	594	5472	2718	559	3528	67	408	56	1427	228	78	36	275	2458	451	237	422	52	1434	237
OTU_255	13	5	5	14	39	0	0	0	0	0	0	0	0	0	0	6	2	20	11	29	0	0	0	0	0	0	0	0	1	0	0	0	0	0	0	0	0	0	0	0
OTU_415	26	1	0	0	0	0	0	0	0	0	0	0	0	0	0	17	0	2	3	0	0	0	0	0	0	0	0	0	0	0	0	0	0	0	0	0	0	0	0	0
OTU_780	1	0	1	7	2	0	0	0	0	0	0	0	0	0	0	1	2	1	5	0	0	0	0	0	0	0	0	0	0	0	0	0	0	0	0	0	0	0	0	0
OTU_187	14	0	99	0	0	0	0	0	0	0	0	0	0	0	0	25	0	94	0	0	0	0	0	0	0	7	0	0	0	0	7	0	0	0	0	0	0	0	0	0
OTU_192	18	3	32	4	110	0	0	0	1	0	0	2	0	0	0	14	2	15	8	94	0	0	0	0	0	0	0	0	0	0	0	1	3	0	0	0	0	0	0	0
OTU_2145	1	0	1	0	0	0	0	0	0	0	0	0	0	0	0	0	0	0	0	0	0	0	0	0	0	0	0	0	0	0	0	0	0	0	0	0	0	0	0	0
OTU_352	29	0	0	0	0	0	0	0	0	0	0	0	0	0	0	32	0	0	0	0	0	0	0	0	0	0	0	0	0	0	0	0	0	0	0	0	0	0	0	0
OTU_906	5	0	0	1	4	0	0	0	0	0	0	0	0	0	0	1	1	2	0	5	0	0	0	0	0	0	0	0	0	0	0	0	0	0	0	0	0	0	0	0
OTU_20	2	1	3	1	14	117	386	400	686	121	50	221	2571	2533	211	2	1	0	0	18	381	122	39	2445	252	133	29	208	62	2	139	80	51	13	83	6	30	191	79	2
OTU_243	7	1	29	13	47	0	0	1	10	1	0	0	0	0	0	7	5	39	15	42	0	0	0	0	0	0	0	0	0	0	0	0	1	0	0	0	0	0	0	2
OTU_1058	1	0	5	1	2	0	0	0	0	0	0	0	0	0	0	0	0	1	1	1	0	0	0	0	0	0	0	0	0	0	0	0	0	0	0	0	0	0	0	0
OTU_45	19	16	136	23	31	60	329	19	41	37	1234	226	64	49	35	31	15	128	13	40	347	38	1302	62	32	42	13	27	86	2	37	54	49	0	3	0	10	29	111	5
OTU_288	10	7	7	11	4	0	0	7	0	0	1	0	0	0	1	12	18	7	16	3	0	0	0	0	1	0	3	2	0	2	0	1	0	0	0	3	0	1	0	0
OTU_191	2	1	8	1	55	0	0	0	1	0	0	0	0	0	0	3	0	2	0	74	0	0	1	0	0	0	0	0	0	7	0	0	0	2	1	102	2	0	0	10
OTU_909	2	0	9	0	4	0	0	0	0	0	0	0	0	0	0	2	1	5	2	2	0	0	0	0	0	0	0	0	0	0	0	0	0	0	0	0	0	0	0	0
OTU_786	2	2	0	0	0	0	0	0	0	0	0	0	0	0	0	2	1	1	0	0	0	0	0	0	0	0	0	2	0	0	0	0	0	0	0	0	0	0	0	0
OTU_2512	1	0	0	0	0	0	0	0	0	0	0	0	0	0	0	0	0	0	0	0	0	0	0	0	0	0	0	0	0	0	0	0	0	0	0	0	0	0	0	0
OTU_736	0	4	3	0	2	0	0	0	0	0	0	0	0	0	0	3	0	5	6	2	0	0	0	0	0	0	0	0	0	0	0	0	0	0	0	0	0	0	0	0
OTU_444	26	0	0	0	0	0	0	0	0	0	0	0	0	0	0	23	0	0	0	0	0	0	0	0	0	0	0	0	0	0	0	0	0	0	0	0	0	0	0	0
OTU_1713	0	0	0	0	1	0	0	0	0	0	0	0	0	0	0	0	0	0	0	0	0	0	0	0	0	0	0	0	0	0	0	0	0	0	0	0	0	0	0	0
OTU_1020	2	0	8	0	0	0	0	0	0	0	0	0	0	0	0	2	0	8	1	0	0	0	0	0	0	0	0	0	0	0	0	0	0	0	0	0	0	0	0	0
OTU_898	6	2	2	2	2	0	0	0	0	0	0	0	0	0	0	0	1	2	3	3	0	0	0	0	0	0	0	0	0	0	0	4	0	0	0	0	0	0	0	0
OTU_1411	1	0	0	0	0	0	2	0	0	0	0	0	0	1	0	3	0	0	0	0	0	0	0	0	0	0	0	0	0	0	0	0	0	0	0	0	0	0	0	0
OTU_407	0	14	0	0	1	0	0	0	2	0	0	0	0	2	0	0	20	0	1	0	0	0	0	0	0	1	0	0	0	0	0	10	2	0	0	0	0	0	0	0
OTU_342	1	0	8	9	1	0	0	0	0	0	0	0	0	0	0	4	0	12	5	1	0	0	0	0	0	1	0	0	0	0	5	3	0	0	0	0	0	0	0	0
OTU_718	1	0	0	0	0	0	3	9	0	0	0	0	4	1	1	1	0	0	0	0	0	0	0	7	0	0	0	0	0	0	0	0	0	2	0	1	0	0	0	1
OTU_214	2	0	35	44	0	0	0	0	0	0	0	0	0	0	0	4	0	34	63	2	0	0	0	0	0	0	0	0	0	0	0	0	0	0	0	0	0	0	0	0
OTU_716	13	1	0	0	1	2	0	10	0	4	4	0	3	1	0	21	2	0	1	0	0	0	5	1	0	0	0	16	0	0	0	2	3	0	0	0	0	17	0	0
OTU_612	3	0	2	0	9	0	0	0	0	2	0	0	0	0	0	8	1	5	0	8	0	1	0	1	0	0	0	0	0	0	0	0	0	0	0	0	0	0	0	0
OTU_776	7	1	1	2	4	0	1	0	0	0	0	0	0	1	0	0	0	0	1	8	1	2	0	0	0	0	0	0	1	0	0	3	1	0	0	0	0	0	1	0
OTU_894	2	0	0	2	2	0	0	0	0	0	0	3	0	1	0	6	1	0	1	3	0	0	0	0	0	0	0	0	0	0	0	0	0	0	0	0	0	0	0	0
OTU_1667	2	1	1	0	1	0	0	0	0	0	0	0	0	0	0	1	1	2	1	1	0	0	0	0	0	0	0	0	1	0	0	0	0	0	0	0	0	0	0	0
OTU_2248	1	0	2	0	0	0	0	0	0	0	0	0	0	0	0	0	0	2	0	0	0	0	0	0	0	0	1	0	0	0	0	0	0	0	0	0	0	0	0	0
OTU_362	4	0	0	3	4	1	0	1	0	0	0	0	0	3	0	5	0	0	3	12	0	0	0	0	0	33	0	59	0	0	42	33	26	0	0	0	0	53	0	0
OTU_152	2	20	92	13	36	0	0	0	7	3	1	0	0	10	10	4	13	98	14	26	0	0	0	0	8	4	6	1	2	7	14	0	0	6	2	17	2	0	4	2
OTU_228	20	2	0	22	49	0	0	0	0	0	0	0	0	0	0	19	8	1	23	38	0	0	0	0	0	0	0	4	0	0	0	1	2	0	0	0	0	4	0	0
OTU_34	4	1598	5	12	72	0	5	9	0	0	0	1	1	2	0	4	1551	10	9	62	0	2	0	1	3	8	0	0	0	0	6	1	0	0	0	0	0	0	1	0
OTU_1419	0	1	0	1	0	0	0	0	0	0	0	0	0	0	0	2	1	0	0	0	0	0	0	0	0	0	1	0	0	0	0	0	0	0	0	0	0	0	0	0
OTU_25	16	7	45	5	2	9	5	0	9	13	19	331	14	8	0	7	5	52	5	5	20	8	30	10	2	122	15	53	2230	11	107	350	2475	1	7	5	6	37	2479	13
OTU_483	11	1	0	0	2	0	0	0	0	0	1	0	1	0	0	11	0	0	3	4	0	1	0	0	0	0	0	0	6	0	0	0	0	0	0	0	0	0	3	0
OTU_744	5	0	0	0	0	0	0	0	0	0	0	0	0	0	0	7	0	0	0	0	0	0	0	0	0	0	0	0	0	0	0	0	0	0	0	0	0	0	0	0
OTU_1848	12	10	2	1	2	14	2	1	31	8	0	66	0	5	2	15	3	5	2	5	0	11	1	0	2	27	0	13	0	0	27	253	0	0	0	0	0	5	0	0
OTU_815	7	3	11	0	3	0	0	0	0	0	0	0	0	0	0	1	1	9	1	3	1	0	0	0	0	0	0	1	0	0	0	0	0	0	0	0	0	0	0	0
OTU_824	1	0	0	2	4	0	0	0	0	0	0	0	0	0	0	3	0	3	3	1	0	0	0	0	0	0	0	0	0	0	0	0	0	0	0	0	0	0	0	0
OTU_562	5	1	1	2	6	0	0	0	0	0	0	0	0	0	0	5	1	0	6	7	0	0	0	0	0	0	0	0	0	0	0	0	0	0	0	0	0	0	0	0
OTU_731	8	5	0	1	4	0	0	0	0	0	0	0	0	0	0	6	5	0	3	8	0	0	0	0	0	0	0	0	0	0	0	0	0	0	0	0	0	0	0	0
OTU_1853	3	2	1	1	0	0	0	0	0	0	0	0	0	0	0	1	0	1	2	1	0	0	0	0	0	1	0	0	0	0	0	0	0	0	0	0	1	0	0	0
OTU_278	6	3	1	0	0	0	0	0	2	0	0	1	0	0	4	7	5	1	0	3	0	0	0	0	1	1	0	0	35	0	0	14	5	0	0	0	5	0	28	0
OTU_1510	0	0	4	1	3	0	0	0	0	0	0	0	0	0	0	0	0	1	3	0	0	0	0	0	0	0	0	0	0	0	0	0	0	0	0	0	0	0	0	0
OTU_239	5	4	34	22	7	0	0	0	0	2	0	0	0	0	0	7	5	37	24	6	0	2	0	0	0	0	0	0	5	0	0	3	0	0	0	0	0	0	4	0
OTU_429	4	4	0	0	2	0	0	0	0	0	4	0	7	4	0	9	5	3	0	1	0	1	0	6	0	1	0	0	0	1	0	0	0	0	0	9	0	0	0	1
OTU_137	17	20	73	24	51	8	0	1	0	5	1	0	3	12	0	18	22	61	33	41	1	6	5	3	0	1	0	2	0	0	1	452	1	0	0	0	0	6	2	0
OTU_491	3	0	1	0	0	0	0	0	0	0	0	0	0	0	0	1	0	0	0	0	0	0	0	0	0	0	59	0	2	0	1	0	0	0	0	2	62	0	1	0
OTU_1913	0	0	0	1	1	0	0	0	0	0	0	0	0	0	0	0	0	0	0	0	0	0	0	0	0	0	0	0	0	0	0	0	0	0	0	0	0	0	0	0
OTU_416	5	0	0	6	6	0	0	0	2	0	0	0	4	18	0	5	0	0	5	2	0	0	0	6	1	3	0	3	0	0	4	1	13	0	0	0	0	2	0	0
OTU_800	3	2	0	0	0	0	0	4	0	0	0	6	0	0	0	1	0	0	0	0	0	0	0	0	0	0	0	0	0	0	0	0	0	0	0	0	0	0	0	0
OTU_808	2	0	0	0	0	0	0	0	0	0	0	0	0	0	0	0	0	0	1	0	0	1	0	1	0	7	0	2	0	0	6	3	3	0	0	0	0	0	0	0
OTU_507	1	0	0	0	20	0	0	0	0	0	0	0	0	0	0	1	0	0	0	32	0	0	0	0	0	0	0	0	0	0	0	0	0	0	0	0	0	0	0	0
OTU_1069	1	0	1	2	0	0	0	0	0	0	0	0	0	0	0	0	0	1	2	0	0	0	0	0	0	0	0	0	0	0	0	0	0	0	0	0	0	0	0	0
OTU_1474	0	1	2	0	3	0	0	0	0	0	0	0	0	0	0	1	0	1	0	2	0	0	0	0	0	0	0	1	0	0	0	0	0	0	0	0	0	0	0	0
OTU_150	3	3	0	4	0	3	3	414	23	0	0	31	5	0	24	5	0	1	1	1	9	0	1	8	35	0	0	0	0	0	0	0	0	0	0	0	0	0	0	0
OTU_314	8	0	0	0	0	1	0	1	0	2	0	0	0	11	1	8	0	0	0	0	0	1	0	1	0	0	0	28	0	0	0	2	1	0	0	0	0	27	0	0
OTU_834	6	0	1	0	2	0	0	0	0	0	0	0	0	0	0	6	0	1	0	0	0	0	0	0	0	0	0	0	0	0	0	0	0	0	0	0	0	0	0	0
OTU_251	10	31	1	3	16	0	0	0	0	0	0	1	0	0	10	14	27	2	4	22	0	0	0	0	8	0	0	0	0	0	0	0	0	0	0	0	0	0	0	0
OTU_742	6	0	0	3	0	0	0	0	0	0	0	3	2	0	7	0	1	1	0	0	0	3	0	3	10	0	0	0	0	0	0	0	0	0	0	0	0	0	0	0
OTU_375	11	2	9	7	24	0	0	0	0	0	0	0	0	0	0	9	3	22	6	26	0	0	0	0	0	0	0	0	0	0	0	0	0	0	0	2	0	0	0	0
OTU_2154	1	0	0	0	3	1	0	0	0	0	0	1	0	0	0	1	0	0	0	2	0	0	0	0	0	0	0	0	0	0	0	0	0	0	0	0	0	0	0	0
OTU_724	8	0	1	9	2	0	0	0	0	0	0	0	0	0	0	8	1	0	3	0	0	0	0	0	0	0	0	0	0	0	1	0	0	0	0	0	0	0	0	0
OTU_2918	0	0	0	1	1	0	0	0	0	0	0	0	0	0	0	0	0	0	0	0	0	0	0	0	0	0	0	0	0	0	0	0	0	0	0	0	0	0	0	0
OTU_143	14	58	93	31	53	0	0	0	0	4	12	0	0	0	0	18	56	82	31	49	0	2	2	0	0	2	1	0	0	0	2	9	4	0	0	0	0	0	0	2
OTU_1414	0	0	1	1	0	0	0	0	0	0	0	0	0	0	0	1	0	0	0	3	0	0	0	0	0	0	0	0	0	0	0	1	0	0	0	0	0	0	0	0
OTU_461	4	2	6	12	4	0	0	0	0	0	0	0	0	0	0	2	3	6	14	1	0	0	0	0	0	0	0	0	0	0	0	0	0	0	0	0	0	0	3	0
OTU_211	2	4	2	9	8	0	0	0	0	0	0	0	0	0	0	0	5	9	5	9	0	0	0	0	0	2	1	0	48	0	3	4	140	0	0	0	2	0	47	0
OTU_2525	0	0	0	0	0	0	0	0	0	0	0	0	0	0	0	0	0	0	0	0	0	0	0	0	0	0	0	0	0	0	0	0	3	0	0	0	0	0	0	0
OTU_1062	2	1	0	0	0	0	0	1	0	0	0	0	0	0	0	1	0	0	0	1	0	0	0	0	0	0	0	0	8	0	1	4	14	0	0	0	0	0	6	0
OTU_1720	3	1	0	1	0	0	0	0	0	0	0	0	0	0	0	2	0	0	0	1	0	0	0	0	0	0	0	0	0	0	0	4	0	0	1	0	0	0	0	0
OTU_1356	1	1	0	0	5	0	0	0	0	0	0	0	0	0	0	1	0	1	3	7	0	0	0	0	0	0	0	0	0	0	1	0	0	0	0	0	0	0	0	0
OTU_312	9	6	6	6	15	1	5	1	0	9	0	0	3	5	1	7	7	7	9	11	3	3	0	5	3	0	0	0	0	0	1	0	0	0	0	0	0	0	0	0
OTU_561	5	0	10	0	0	0	0	0	0	0	0	0	0	0	0	3	0	10	0	0	0	0	0	0	0	0	0	0	0	0	0	0	0	0	0	0	0	0	0	0
OTU_232	0	1	0	0	12	0	0	0	0	1	0	0	7	231	0	0	0	0	0	9	0	0	0	12	0	0	0	0	0	0	0	24	4	0	0	0	0	0	0	0
OTU_242	3	4	27	7	3	0	0	0	0	0	0	0	0	2	0	3	2	28	11	5	0	0	0	0	0	2	9	0	6	42	1	0	1	0	0	7	7	0	3	36
OTU_2529	2	0	0	0	0	0	0	0	0	0	0	0	0	1	0	3	0	0	0	0	0	0	0	0	0	0	0	0	0	0	0	0	0	0	0	0	0	0	0	0
OTU_181	1	103	9	5	9	3	0	0	0	1	0	0	0	0	0	1	109	5	1	3	0	1	0	0	0	0	2	1	1	0	1	6	0	0	0	0	1	0	0	0
OTU_1540	0	0	0	0	0	0	0	0	0	0	0	0	0	0	0	0	1	0	0	0	0	0	0	0	0	0	0	0	0	0	0	0	0	0	0	0	0	0	0	0
OTU_1548	3	0	0	0	0	0	0	0	3	0	0	0	0	0	0	0	1	1	0	1	0	0	0	0	0	3	0	0	0	0	1	4	0	0	0	0	0	0	0	0
OTU_667	4	0	0	2	1	0	0	0	0	0	0	0	0	0	1	5	0	0	2	0	0	0	0	0	0	4	0	0	0	0	6	11	0	0	0	0	0	0	0	0
OTU_751	2	0	0	0	0	0	0	0	0	0	0	0	0	0	0	0	1	0	0	0	0	0	0	1	0	1	4	0	2	1	2	0	4	0	0	0	8	1	5	0
OTU_450	2	0	24	3	15	0	0	0	0	3	0	0	0	0	0	3	0	26	4	18	0	4	0	0	0	0	0	0	0	0	0	0	0	0	0	0	0	0	0	0
OTU_497	4	3	5	4	6	0	0	1	1	0	0	0	0	0	0	6	3	5	1	2	0	0	0	0	0	0	1	0	0	0	0	0	0	0	0	0	0	1	0	0
OTU_197	3	66	6	6	4	0	0	1	0	9	0	0	0	0	1	2	77	19	3	5	0	8	0	0	0	0	0	1	0	0	1	0	2	0	0	0	0	0	0	0
OTU_21	22	9	21	42	24	743	1	4	35	22	343	148	5	4	1878	18	17	4	56	12	2	35	407	3	1863	2	6	3	13	2	2	6	2	0	0	0	10	1	15	0
OTU_1838	0	0	2	0	0	0	0	0	0	0	0	0	0	0	0	1	0	1	0	0	0	0	0	0	0	0	0	0	0	0	0	0	0	0	0	0	0	0	0	0
OTU_1994	0	0	0	0	0	0	0	0	0	0	0	0	0	1	0	0	0	0	0	0	0	0	0	0	0	0	0	0	0	0	0	0	2	0	0	0	0	0	0	0
OTU_185	4	2	11	39	17	1	3	0	1	0	0	3	1	0	0	11	2	19	25	6	0	0	0	0	0	34	4	10	113	9	37	4	36	0	7	4	7	7	115	20
OTU_746	1	0	0	13	0	0	0	0	0	0	0	0	0	0	0	0	0	0	7	0	0	0	0	0	0	0	0	0	0	0	0	0	0	0	0	0	0	0	0	0
OTU_2065	2	0	0	0	0	0	0	0	0	0	0	0	0	0	0	0	0	0	0	0	0	0	0	0	0	0	0	0	1	0	0	0	0	0	0	0	0	0	0	0
OTU_2082	3	2	8	0	7	0	0	0	0	0	0	0	0	0	0	1	1	4	2	10	0	0	0	1	0	0	0	0	0	0	0	0	0	0	0	1	0	0	0	0
OTU_158	5	5	26	11	2	0	0	0	0	0	3	0	0	0	0	9	5	22	7	9	1	3	2	0	0	2	3	0	159	10	4	1	5	0	0	23	0	1	162	13
OTU_2778	0	2	5	2	2	0	0	0	0	0	0	0	0	0	0	1	2	4	3	2	0	0	0	1	0	1	0	0	0	0	0	0	1	0	0	0	0	0	0	0
OTU_697	2	0	0	2	0	0	0	0	0	0	0	0	2	3	6	1	0	0	0	0	0	0	0	1	7	0	0	0	0	0	0	0	0	0	0	0	0	0	0	0
OTU_725	1	1	0	3	4	0	4	0	0	1	0	0	3	2	0	2	2	2	3	2	2	0	1	1	0	0	0	0	0	0	0	1	0	0	0	0	0	3	0	0
OTU_246	13	1	12	0	28	0	0	0	0	0	0	0	0	0	0	17	0	21	0	32	0	0	0	0	0	1	0	1	0	0	0	3	0	0	0	0	0	0	0	0
OTU_522	4	4	5	1	6	0	0	0	0	0	0	0	0	0	0	3	3	3	7	6	0	0	0	0	0	0	0	0	0	0	0	0	0	0	0	0	0	0	0	0
OTU_706	7	0	3	1	4	0	1	0	0	0	0	0	0	0	0	1	1	0	2	4	0	1	0	0	0	0	0	0	1	0	0	0	1	0	0	0	0	0	0	0
OTU_1309	0	1	1	1	2	0	0	0	0	0	0	0	0	0	0	0	0	1	1	3	0	0	0	0	0	0	0	0	0	0	0	0	0	0	0	0	0	0	0	0
OTU_882	5	1	4	4	5	0	0	0	0	0	0	0	0	0	0	4	0	3	1	6	0	0	0	1	0	0	0	0	0	0	0	0	0	0	0	0	0	0	0	0
OTU_290	8	0	5	0	3	0	0	1	0	0	0	0	0	0	0	1	1	3	1	1	0	0	0	0	0	1	5	0	9	1	0	1	9	0	0	50	6	0	10	15
OTU_546	6	5	10	5	6	0	3	0	0	0	0	0	0	0	0	2	1	3	6	11	0	0	0	0	0	0	3	0	1	0	1	0	1	0	0	0	0	0	0	0
OTU_1014	4	0	0	2	0	0	1	0	0	0	0	0	0	0	0	1	2	2	0	2	0	0	0	0	0	0	0	0	0	0	0	0	0	0	0	0	0	0	0	0
OTU_1997	0	0	0	1	0	0	0	0	0	0	0	0	0	0	0	0	0	0	1	1	0	0	0	0	0	0	0	0	0	0	0	0	0	0	0	0	0	0	0	0
OTU_2387	3	0	0	0	0	0	0	0	0	0	0	0	0	0	0	1	0	0	0	0	0	0	0	0	0	0	0	0	0	0	0	0	0	0	0	0	0	0	0	0
OTU_895	1	1	1	0	3	0	0	0	0	0	0	0	0	0	0	1	0	2	3	2	0	0	0	0	0	0	0	0	0	0	0	0	0	0	0	0	0	0	0	0
OTU_1257	2	0	0	0	0	0	0	0	0	0	0	0	0	0	0	7	0	0	0	0	0	0	0	0	0	0	0	0	0	0	0	0	0	0	0	0	0	0	0	0
OTU_2708	0	0	0	0	0	0	0	0	0	0	0	0	0	0	0	0	0	0	0	0	0	0	0	0	0	0	0	0	0	0	1	0	0	0	0	0	0	0	0	0
OTU_2709	0	0	0	2	1	0	0	0	0	0	0	0	0	0	0	0	0	0	0	0	0	0	0	0	0	0	0	0	0	1	1	0	0	0	0	0	0	0	0	0
OTU_1275	1	1	0	1	0	0	0	0	0	0	0	0	0	0	0	0	0	0	0	0	0	0	0	0	0	0	0	0	0	0	0	0	0	0	0	0	0	0	0	0
OTU_555	0	2	1	3	4	0	0	0	0	0	0	0	0	0	0	1	2	2	1	4	0	0	0	0	0	1	0	0	0	0	2	0	0	0	1	0	0	0	0	0
OTU_1035	8	0	2	0	0	0	0	0	0	0	0	0	0	0	0	7	0	4	0	0	0	0	0	0	0	1	0	0	0	0	2	1	0	0	0	0	0	1	2	0
OTU_1171	2	0	3	1	3	0	0	0	0	0	0	0	0	0	0	0	0	1	1	2	0	0	0	0	0	0	0	0	0	0	0	0	0	0	0	0	0	0	0	0
OTU_1263	0	0	1	1	0	0	0	0	0	0	0	0	0	0	0	1	1	0	1	2	0	0	0	0	0	0	0	0	1	0	1	0	1	0	0	0	0	0	0	0
OTU_1555	0	1	0	0	0	0	0	0	0	0	0	0	0	1	0	0	0	0	0	1	0	0	0	0	0	0	0	0	0	0	0	0	0	0	0	0	0	0	1	0
OTU_108	0	206	49	47	9	0	0	0	0	0	0	0	0	0	0	3	258	22	39	11	0	0	0	0	0	0	1	0	1	0	1	0	0	0	0	0	1	0	0	0
OTU_441	1	1	1	1	10	0	0	0	0	0	0	0	0	0	0	1	0	1	0	4	0	0	0	0	0	8	12	0	32	4	5	0	0	0	3	0	25	0	30	3
OTU_811	0	2	10	3	7	0	0	0	0	0	0	0	0	0	0	2	1	11	3	6	0	0	0	0	0	0	0	0	0	0	0	0	0	0	0	0	0	0	0	0
OTU_1103	0	0	0	0	0	0	2	0	0	0	0	0	2	1	0	1	0	0	0	1	1	0	1	0	1	0	1	0	1	0	0	0	0	1	0	0	0	0	0	0
OTU_1116	3	0	11	4	3	0	0	0	0	0	0	0	0	0	0	6	0	9	5	3	0	0	0	0	0	0	0	0	0	0	0	0	0	0	0	0	0	0	0	0
OTU_1635	0	1	3	1	1	0	0	0	0	0	0	0	0	0	0	0	1	2	1	0	0	0	0	0	0	0	0	0	0	0	0	0	0	0	0	0	0	0	0	0
OTU_961	0	0	0	0	0	0	0	1	0	0	0	0	0	0	0	0	0	1	0	1	0	1	0	1	0	0	7	0	9	1	0	0	2	0	0	0	6	0	10	3
OTU_462	0	0	0	0	0	0	0	0	0	0	0	0	0	0	0	0	0	0	1	0	0	0	0	0	0	0	10	0	12	14	0	0	6	0	0	0	5	0	8	20
OTU_1636	2	0	0	2	1	0	0	0	0	0	0	0	0	0	0	0	1	1	0	1	0	0	0	0	0	0	0	0	0	0	0	0	0	0	0	0	0	0	0	0
OTU_1998	0	0	1	0	1	0	0	0	0	0	0	0	0	0	0	0	0	0	1	0	0	0	0	0	0	0	0	0	0	0	0	0	0	0	0	0	0	0	0	0
OTU_1007	0	0	0	0	0	0	0	0	0	0	1	0	0	0	0	0	0	0	0	0	0	0	0	0	0	1	1	3	2	2	1	0	0	3	2	4	0	0	2	5
OTU_2718	0	0	0	0	0	0	0	0	0	0	0	0	0	0	0	0	0	0	0	0	0	0	0	0	0	0	0	0	0	0	0	0	0	0	0	0	1	0	0	0
OTU_486	1	0	11	20	2	0	0	0	0	0	0	0	0	0	0	1	3	2	7	0	0	0	0	0	0	0	0	0	0	0	1	0	0	0	0	0	0	0	0	0
OTU_783	1	5	0	0	1	0	0	0	0	0	0	0	1	0	0	0	10	0	0	0	0	0	0	0	0	9	0	1	0	0	0	0	0	0	0	0	0	0	0	0
OTU_997	1	0	2	0	0	0	0	1	0	0	0	0	0	0	0	1	0	1	0	0	0	0	0	0	1	0	0	0	0	0	0	0	0	0	0	0	5	1	0	0
OTU_730	0	1	1	0	7	0	0	0	0	0	0	0	0	0	0	0	1	0	0	5	0	0	0	0	0	0	0	0	0	0	0	0	6	0	0	1	0	0	0	0
OTU_2160	1	0	0	0	0	0	0	0	0	0	0	0	0	0	0	0	0	0	0	1	0	0	0	0	0	0	0	0	0	0	0	0	0	0	0	0	0	0	0	0
OTU_2000	3	0	0	0	0	0	0	0	0	0	0	0	0	0	0	1	0	0	0	0	0	0	0	0	0	0	0	0	0	0	0	0	0	0	0	0	0	0	0	0
OTU_124	8	7	1	141	3	6	0	8	166	67	138	6	33	62	21	4	0	1	138	0	0	59	155	37	26	2	10	0	3	72	6	20	0	2	2	23	16	0	2	71
OTU_817	1	4	2	0	3	0	0	0	0	0	0	0	0	0	0	1	2	0	0	1	0	0	0	0	0	0	0	0	0	0	0	0	0	0	0	0	0	0	0	0
OTU_2528	3	1	1	0	4	0	0	0	0	0	0	0	0	0	0	2	0	5	0	3	0	0	0	0	0	0	0	0	0	0	0	0	0	0	0	0	0	0	0	0
OTU_686	2	0	0	0	1	0	0	0	0	0	0	0	0	0	0	3	0	0	0	1	0	0	0	0	0	0	0	0	11	0	0	0	2	0	0	0	2	0	15	0
OTU_2725	2	0	2	0	1	0	0	0	0	0	0	0	0	0	0	0	0	0	0	0	0	0	0	0	0	0	0	0	0	0	0	0	0	0	0	0	0	0	0	0
OTU_310	3	4	12	20	4	0	0	0	0	1	2	0	0	2	0	3	5	8	15	5	0	2	0	0	0	1	0	2	0	0	1	2	1	0	0	0	0	5	0	0
OTU_1554	1	2	3	0	2	0	0	0	0	1	0	0	0	0	0	1	1	1	1	4	0	0	0	0	0	0	0	0	0	0	0	0	0	0	0	0	0	0	0	0
OTU_2726	0	0	0	0	0	0	0	0	0	0	0	0	0	0	0	0	1	1	0	0	0	0	0	0	0	0	0	0	0	0	0	0	0	0	0	0	0	0	0	0
OTU_812	6	0	0	0	0	0	0	0	0	1	0	0	0	0	0	5	0	0	0	0	0	2	0	1	0	0	0	0	0	0	0	0	0	0	0	0	0	2	0	0
OTU_2002	0	0	1	0	0	0	0	0	0	0	0	0	0	0	0	1	0	0	0	0	0	0	0	0	0	0	0	0	0	0	0	0	0	0	0	0	0	0	0	0
OTU_64	1	0	0	0	0	2124	0	0	121	0	0	0	2	0	2	0	1	0	0	0	0	0	0	0	1	649	0	0	0	0	718	610	0	0	0	0	0	0	0	1
OTU_2542	0	0	47	0	3	0	0	0	0	0	0	0	0	0	0	4	0	30	0	0	0	0	0	0	1	0	0	0	0	0	0	0	0	0	0	0	0	0	0	0
OTU_1003	4	4	0	0	3	0	0	0	0	0	0	0	0	0	0	2	1	1	1	1	0	0	0	0	0	0	0	0	0	0	0	0	0	0	0	0	0	0	0	0
OTU_1772	1	0	1	0	0	0	0	0	0	0	0	0	0	0	0	1	0	0	0	2	0	0	0	0	0	0	0	0	0	0	0	0	0	0	0	0	0	0	0	0
OTU_581	2	0	7	3	0	0	0	0	0	0	0	0	1	2	0	0	3	9	2	2	3	0	0	2	0	1	5	0	5	0	0	0	2	0	2	0	0	1	14	0
OTU_1773	0	0	0	0	0	0	0	0	0	0	0	0	0	0	0	0	0	0	1	0	0	0	0	0	0	0	0	0	0	0	0	0	0	0	0	0	0	0	0	0
OTU_338	8	2	1	1	12	0	5	0	0	2	2	0	0	0	0	12	1	0	1	7	9	0	3	1	0	0	1	1	5	2	2	1	0	0	0	1	0	1	1	2
OTU_515	2	0	0	0	0	38	0	6	0	0	0	0	0	0	0	2	0	0	0	0	0	0	0	0	0	0	0	0	0	0	0	0	0	0	0	0	0	0	0	0
OTU_1829	0	1	1	0	0	0	0	0	0	0	0	0	0	0	0	0	0	0	2	1	0	0	0	0	0	0	0	0	0	0	0	0	0	0	0	0	0	0	0	0
OTU_695	2	1	8	6	8	0	0	0	0	0	0	0	0	0	0	1	1	7	7	18	0	0	0	0	0	0	0	0	0	0	0	0	0	0	0	0	0	0	0	0
OTU_999	3	1	4	1	4	0	0	0	0	0	0	0	0	0	0	0	1	1	1	4	0	0	0	0	0	0	2	0	0	0	0	0	0	0	0	0	0	0	0	0
OTU_838	3	0	0	7	0	0	0	0	0	0	0	0	0	0	0	2	0	0	6	0	0	0	0	0	0	0	0	0	0	0	0	0	0	0	0	0	0	0	0	0
OTU_993	1	0	2	2	1	0	0	0	0	0	0	0	0	0	0	1	0	0	2	1	0	0	0	0	0	0	0	0	0	2	1	0	0	0	0	0	0	0	0	0
OTU_249	5	1	3	0	1	1	0	0	0	0	0	0	1	0	0	3	1	1	1	0	0	0	0	6	0	11	38	0	6	118	20	1	31	0	1	13	37	0	9	107
OTU_147	3	0	1	0	0	6	19	8	8	4	12	13	12	3	3	3	0	3	0	0	20	6	15	10	4	15	1	15	147	6	14	38	78	2	0	5	1	27	138	4
OTU_865	1	4	0	0	0	0	0	0	0	0	0	0	0	0	0	1	4	1	0	0	0	0	0	0	0	0	0	2	0	0	0	0	0	0	0	0	0	0	0	0
OTU_1080	2	1	2	0	1	0	0	1	0	0	0	0	0	0	0	0	1	3	1	4	0	0	0	0	0	0	0	0	0	0	0	0	0	0	0	0	0	0	0	0
OTU_2142	0	0	0	0	0	0	0	0	0	0	0	0	0	0	0	1	0	1	0	2	0	0	0	0	0	0	0	0	0	0	0	0	0	0	0	0	0	0	0	0
OTU_2379	2	0	0	0	0	0	0	0	0	0	0	0	0	0	0	1	1	0	1	1	0	0	0	0	0	0	0	0	0	0	0	0	0	0	0	0	0	0	0	0
OTU_739	7	0	13	0	2	0	0	0	0	0	0	0	0	1	0	5	0	11	0	1	0	0	0	0	0	0	0	0	0	0	0	0	0	0	0	0	0	0	0	0
OTU_950	1	1	2	0	2	0	0	0	0	0	0	0	0	0	0	2	0	3	0	4	0	1	0	0	0	0	0	0	0	0	0	0	0	0	0	0	0	0	0	0
OTU_2143	0	0	0	0	1	0	0	0	0	0	0	0	0	0	0	0	0	0	0	2	0	0	0	0	0	0	0	0	0	0	0	0	0	0	0	0	0	0	0	0
OTU_772	0	2	1	0	0	0	0	0	0	0	0	0	0	0	0	0	2	0	1	0	0	0	0	0	0	0	0	0	1	2	0	1	3	0	0	13	0	0	1	2
OTU_372	1	0	2	0	4	0	0	0	0	8	27	3	0	17	0	1	0	1	0	1	0	12	22	0	0	0	0	0	0	0	0	0	0	0	0	0	0	0	0	0
OTU_1226	1	7	4	1	1	0	0	0	0	0	0	0	0	0	0	1	1	3	0	8	0	0	0	0	0	0	0	0	0	0	0	0	0	0	0	0	0	0	1	0
OTU_2678	0	0	0	0	3	0	0	0	0	0	0	0	0	0	0	0	1	0	0	0	0	0	0	0	0	0	0	0	0	0	0	0	0	0	0	0	0	0	0	0
OTU_1059	3	0	1	0	0	0	0	0	0	0	0	0	0	0	0	2	0	0	0	0	0	0	0	0	0	0	0	0	0	0	0	0	0	0	0	3	0	0	0	0
OTU_2144	0	0	0	0	1	0	0	0	0	0	0	0	0	0	0	0	1	0	0	0	0	0	0	0	0	0	0	1	0	0	0	0	0	0	0	0	0	0	0	0
OTU_1311	1	0	0	8	0	0	0	0	0	1	0	0	0	0	0	0	0	0	3	0	0	1	0	0	0	0	0	0	0	0	0	0	0	0	0	0	0	0	0	0
OTU_653	3	0	16	5	2	0	0	0	0	0	0	0	0	0	0	5	6	19	5	4	0	0	0	0	0	0	0	0	0	0	0	0	1	0	0	0	0	0	0	0
OTU_2680	0	0	1	0	0	0	0	0	0	0	0	0	0	0	0	0	0	0	0	0	0	0	0	0	0	0	0	0	0	0	0	0	0	0	0	0	0	0	1	0
OTU_685	3	1	2	2	12	5	3	0	2	1	0	0	0	0	0	8	3	1	0	4	0	0	1	0	0	2	0	8	1	0	2	1	2	0	0	0	0	3	1	0
OTU_1297	0	0	0	0	0	0	0	0	0	0	0	0	0	0	0	1	0	0	0	2	0	0	0	0	0	0	0	0	0	0	0	0	1	0	0	0	0	0	0	0
OTU_1710	1	0	1	0	2	0	0	0	0	0	0	0	0	0	0	0	0	1	0	3	0	0	0	0	0	0	0	0	0	0	0	0	0	0	0	0	0	0	0	0
OTU_218	1	0	12	2	48	0	22	2	0	4	7	0	0	90	0	2	0	14	1	53	15	7	7	0	0	0	0	0	0	0	0	0	2	0	0	0	0	0	0	0
OTU_1907	1	1	0	1	0	0	0	0	0	0	0	0	0	0	0	0	0	0	2	0	0	0	0	0	0	0	0	0	0	0	0	0	0	0	0	0	0	0	0	0
OTU_765	3	0	1	0	4	0	0	0	0	0	0	0	0	0	0	2	0	2	3	0	0	0	0	0	0	0	0	0	0	0	0	0	0	0	0	0	0	0	0	0
OTU_1908	0	0	0	1	1	0	0	0	0	0	0	0	0	0	0	1	2	2	1	0	0	0	0	0	0	0	0	0	0	0	0	0	0	0	0	0	0	0	0	0
OTU_1258	0	0	3	0	4	0	0	0	0	0	0	0	0	0	0	0	1	1	1	2	0	0	0	0	0	0	0	0	1	0	0	1	0	0	0	0	0	0	0	0
OTU_1775	0	0	0	0	0	0	0	0	0	0	0	0	0	0	0	1	0	0	0	0	0	0	0	0	0	0	0	0	0	0	0	0	0	0	0	0	0	0	0	0
OTU_83	0	118	2	2	0	33	93	24	214	5	3	36	627	87	24	1	131	2	3	0	61	7	18	616	41	191	2	0	0	0	157	119	0	1	1	0	0	0	0	1
OTU_119	0	0	3	1	10	0	0	0	1	0	0	0	0	0	0	0	0	0	1	12	0	0	0	0	0	12	0	0	391	0	8	0	2	0	0	0	0	0	387	0
OTU_1071	2	0	4	1	0	0	0	0	0	0	0	0	0	0	0	4	1	0	0	0	0	0	0	0	0	0	0	0	0	0	0	0	0	0	0	0	0	0	0	0
OTU_1445	0	1	0	0	0	0	0	0	0	0	0	0	0	0	0	0	0	0	0	0	0	0	0	0	0	1	0	0	4	0	0	0	2	2	0	0	0	0	2	0
OTU_2690	4	0	0	0	1	0	0	0	0	0	0	0	0	0	0	1	0	0	0	0	0	0	0	0	0	0	0	0	0	0	0	0	0	0	0	0	0	0	0	0
OTU_424	0	1	0	0	0	0	0	0	0	0	0	1	0	1	1	1	0	3	0	1	0	0	0	0	0	5	17	0	13	17	0	3	7	1	1	0	10	0	16	10
OTU_1777	0	0	1	1	0	0	0	0	0	0	0	0	0	0	0	0	0	0	0	1	0	0	0	0	0	0	0	0	1	0	0	0	0	0	0	0	0	0	0	0
OTU_165	0	8	24	132	4	0	0	0	0	0	0	0	0	0	0	1	10	23	136	6	0	0	0	0	0	5	0	0	6	0	23	6	2	0	0	0	0	0	13	0
OTU_272	5	0	4	95	5	0	0	0	0	0	0	0	0	0	0	1	0	1	87	15	0	0	0	0	0	8	3	0	0	0	11	0	1	0	0	0	0	0	0	0
OTU_2247	0	0	1	0	0	0	0	0	0	0	0	0	0	0	0	0	0	1	0	0	0	0	0	0	0	0	0	0	0	0	0	1	0	0	0	0	0	0	0	0
OTU_125	0	18	0	19	0	0	0	0	5	2	0	0	0	0	0	0	20	0	26	0	0	2	0	0	0	45	627	0	1	0	57	2	16	40	208	1	568	0	1	0
OTU_1831	0	1	1	2	0	0	0	0	0	0	0	0	0	0	0	0	0	1	0	0	0	0	0	0	0	0	0	0	0	0	0	0	0	0	0	0	1	0	0	0
OTU_2368	0	0	0	0	1	0	0	0	0	0	0	0	0	0	0	0	0	0	0	1	0	0	0	0	0	0	0	0	0	0	0	0	0	0	0	0	0	0	0	0
OTU_830	1	0	0	2	0	0	0	1	1	0	0	0	0	0	7	2	0	0	1	0	0	0	1	0	7	0	0	0	0	0	0	0	0	0	0	0	0	0	0	0
OTU_601	6	2	0	6	1	0	0	0	0	0	0	0	0	0	4	1	1	0	10	0	0	0	0	0	7	0	17	0	0	0	0	5	0	0	0	1	18	0	1	0
OTU_859	1	1	5	11	5	0	0	0	0	0	0	0	0	0	0	0	0	2	9	1	0	0	0	0	0	0	0	0	0	0	0	0	0	0	0	0	0	0	0	0
OTU_557	1	3	6	3	9	0	0	0	0	0	0	0	0	0	0	0	3	12	3	5	0	0	0	0	0	0	0	0	0	0	0	0	0	0	0	0	0	0	0	0
OTU_1624	0	0	1	0	1	0	0	0	0	0	0	0	0	0	0	0	0	0	0	1	0	0	0	0	0	0	0	0	0	0	0	0	0	0	0	0	0	0	0	0
OTU_608	0	6	0	0	0	0	0	0	0	2	0	0	0	0	0	0	15	0	0	4	0	0	0	0	0	0	0	0	0	0	0	0	0	0	0	0	0	0	0	0
OTU_1312	1	1	1	1	7	0	1	0	0	1	1	0	0	1	0	1	1	1	1	2	0	0	0	0	0	1	0	0	0	0	0	0	0	0	1	0	0	0	0	0
OTU_1590	0	0	0	0	2	0	0	0	0	0	0	0	0	0	0	1	0	0	2	3	0	0	0	0	0	0	0	0	0	0	0	0	0	0	0	0	0	0	0	0
OTU_938	1	0	1	1	3	0	0	0	0	0	0	0	0	0	0	4	3	5	7	2	0	0	0	0	0	0	0	1	1	0	0	0	0	0	0	0	3	0	0	0
OTU_1231	0	1	2	0	1	0	0	0	0	0	0	0	0	0	0	0	1	1	1	1	0	0	0	0	0	0	0	0	0	0	0	0	0	0	0	0	0	0	0	0
OTU_2511	0	0	1	0	0	0	0	0	0	0	0	0	0	0	0	1	0	0	0	0	0	0	0	0	0	0	0	0	0	0	0	0	0	0	0	0	0	0	0	0
OTU_482	4	1	0	0	0	0	0	0	0	0	1	0	0	0	0	3	4	2	2	1	0	0	0	1	0	7	0	0	0	0	25	18	0	0	0	0	0	1	0	0
OTU_2513	2	0	0	0	0	0	0	0	0	0	0	0	0	0	0	1	0	0	2	0	0	0	0	0	0	0	0	0	0	0	0	0	0	0	0	0	0	0	0	0
OTU_1574	0	0	0	0	0	0	0	0	0	0	0	0	0	0	0	2	0	0	0	0	0	0	0	0	0	0	4	0	0	0	0	0	0	0	0	0	0	0	0	0
OTU_974	0	0	5	0	0	0	0	0	0	0	0	0	0	0	0	0	0	8	0	0	0	0	0	0	0	0	0	0	0	0	0	0	0	0	0	0	0	0	0	0
OTU_1193	0	1	6	3	1	0	0	0	0	0	0	0	0	0	0	0	2	4	1	0	0	0	0	0	0	0	0	0	0	0	0	0	0	0	0	0	0	0	0	0
OTU_1026	3	0	0	1	3	0	0	0	0	0	0	0	1	0	0	0	1	0	0	7	0	0	0	0	0	0	0	0	0	0	0	0	0	0	0	0	0	0	0	0
OTU_2906	0	0	0	0	1	0	0	0	0	0	0	0	0	0	0	0	0	0	0	0	0	0	0	0	0	0	0	0	0	0	0	0	0	0	0	0	0	0	0	0
OTU_1625	0	0	1	1	0	0	0	0	0	0	0	0	0	0	0	0	0	1	0	0	0	0	0	0	0	0	0	0	0	0	0	0	0	0	0	0	0	0	0	2
OTU_2515	1	0	0	0	0	0	0	0	0	0	0	0	0	0	0	0	0	1	0	0	0	0	0	0	0	0	0	0	0	0	0	0	0	0	0	0	0	0	0	0
OTU_2250	2	0	0	0	1	0	0	0	0	0	0	0	0	0	0	2	0	0	0	0	0	0	0	0	0	0	0	0	0	0	0	0	0	0	0	0	0	0	0	0
OTU_1098	0	0	3	1	0	0	0	0	0	0	0	0	0	0	0	0	0	0	0	2	0	0	0	0	0	0	0	0	0	0	0	0	0	0	0	0	0	0	0	0
OTU_2568	0	0	0	0	0	0	0	0	0	0	0	0	0	0	0	0	0	1	0	2	0	0	0	0	0	0	0	0	0	0	0	0	0	0	0	0	0	0	0	0
OTU_1150	3	3	3	3	1	0	0	0	0	0	0	0	0	0	0	4	2	2	0	4	0	0	0	0	0	0	0	0	0	0	1	0	0	0	0	0	0	0	0	0
OTU_1508	1	0	0	2	0	0	0	0	0	0	0	0	0	0	0	1	0	0	2	0	2	0	0	0	0	0	0	0	0	0	1	1	0	0	0	0	0	0	0	0
OTU_2171	0	0	0	2	0	0	0	0	0	0	0	0	0	0	0	1	0	0	0	0	0	0	0	0	0	1	0	1	0	0	1	0	2	0	0	0	0	0	0	0
OTU_737	2	2	0	7	4	0	0	0	0	0	0	0	0	0	0	2	2	7	3	6	0	0	0	0	0	0	0	0	1	0	0	0	1	0	0	0	0	0	0	0
OTU_2370	0	0	0	1	0	0	0	0	0	0	0	0	0	0	0	0	0	0	0	1	0	0	0	0	0	0	0	0	0	0	0	0	0	0	0	0	0	0	0	0
OTU_17	4	5	24	12	14	447	349	1829	1087	197	16	476	649	226	1177	4	4	24	4	7	465	228	20	641	1287	0	0	0	15	1	0	0	5	0	0	5	8	1	8	0
OTU_1030	1	0	0	1	0	0	0	0	0	0	0	0	0	0	0	0	0	3	3	2	0	0	0	0	0	0	0	0	0	0	0	0	0	0	0	0	0	0	0	0
OTU_1274	2	0	2	0	2	0	0	0	0	0	0	0	0	0	0	0	3	0	0	3	0	0	0	0	0	0	0	0	1	0	1	0	0	1	0	0	0	0	0	0
OTU_1781	1	0	0	0	1	0	0	0	0	0	0	0	0	0	0	0	0	2	0	0	0	0	0	0	0	0	0	0	0	0	0	0	0	0	0	0	0	0	0	0
OTU_2926	0	0	0	0	0	0	0	0	0	0	1	0	0	0	0	0	0	0	0	1	0	0	0	0	0	0	0	0	0	0	0	0	0	0	0	0	0	0	0	0
OTU_981	0	0	6	1	4	0	0	0	0	0	0	0	0	0	0	0	0	1	1	3	0	0	0	0	0	0	0	0	0	0	0	0	0	0	0	0	0	0	0	0
OTU_1037	0	0	1	0	4	0	0	0	0	0	0	0	0	0	0	0	2	0	1	3	0	0	0	0	0	0	0	0	0	0	0	0	0	0	0	0	0	0	0	0
OTU_345	1	0	22	2	0	0	0	0	0	0	0	0	1	0	0	0	0	17	0	1	0	0	0	0	0	0	1	0	0	6	0	0	0	0	0	9	0	0	0	14
OTU_2930	0	0	0	0	0	0	0	0	0	0	0	0	1	0	0	0	0	2	0	0	0	0	0	0	0	0	0	0	0	0	0	0	0	0	0	0	0	0	0	0
OTU_1446	0	1	0	1	0	0	0	1	0	0	0	0	0	0	0	2	2	0	0	0	0	0	0	0	0	0	0	0	0	0	0	0	0	0	0	0	0	0	0	0
OTU_1469	1	0	0	0	1	0	0	0	0	0	0	0	0	0	0	0	0	0	0	2	0	0	1	1	0	0	0	0	1	0	0	1	1	0	0	0	0	1	0	0
OTU_1873	0	0	1	0	2	0	0	0	0	0	0	0	0	0	1	0	0	0	1	2	0	0	0	0	0	0	0	0	0	0	0	0	0	0	0	0	0	0	0	0
OTU_2066	2	0	0	0	0	0	0	0	0	0	0	0	0	0	0	2	0	0	0	1	0	0	0	0	0	0	0	0	0	0	0	0	0	0	0	0	0	0	0	0
OTU_937	0	2	1	3	1	0	0	0	0	0	2	0	0	0	0	1	2	7	1	12	0	0	4	0	0	0	0	0	0	0	0	0	0	0	0	0	0	0	0	0
OTU_1544	0	0	0	2	0	0	0	0	0	0	0	0	0	0	0	0	0	1	1	2	0	0	0	0	0	0	0	0	0	0	0	0	0	0	0	0	0	0	0	0
OTU_2684	0	0	2	0	1	0	0	0	0	0	0	0	0	0	0	0	1	1	0	0	0	0	0	0	0	0	0	0	0	0	0	0	0	0	0	0	0	0	0	0
OTU_1782	0	0	1	0	1	0	0	0	0	0	0	0	0	0	0	0	0	3	1	2	0	0	0	0	0	0	0	0	0	0	0	0	0	0	0	0	0	0	0	0
OTU_1152	0	1	3	0	2	0	0	0	0	0	0	0	0	0	0	0	0	1	2	1	0	0	0	0	0	0	0	0	0	0	0	0	0	0	0	0	0	0	0	0
OTU_2719	0	0	2	1	0	0	0	0	0	0	0	0	0	0	0	0	0	0	1	0	0	0	0	1	1	0	0	0	0	0	0	0	0	0	0	0	1	0	0	0
OTU_2517	0	0	0	0	0	0	0	0	0	0	0	0	0	0	0	0	0	0	0	3	0	0	0	0	0	0	0	0	0	0	0	0	0	0	0	0	0	0	0	0
OTU_1833	0	0	0	0	0	0	0	0	1	0	0	0	0	0	0	0	0	0	0	0	2	0	0	0	0	0	0	1	0	0	1	0	1	0	0	0	0	1	0	0
OTU_2372	0	0	0	0	0	0	0	0	0	0	0	0	0	0	0	1	1	0	0	1	0	0	0	0	0	1	0	0	0	0	1	0	0	0	0	0	0	0	0	0
OTU_2373	1	0	0	0	0	0	0	0	0	0	0	0	0	0	0	0	0	0	0	0	0	0	0	1	0	0	0	0	2	0	0	0	1	0	0	0	0	0	0	0
OTU_889	1	0	0	1	0	0	0	0	0	0	0	0	0	0	0	1	0	0	3	0	0	0	0	0	0	0	0	0	0	0	0	0	0	1	5	1	0	0	0	0
OTU_1215	0	0	2	0	1	0	0	0	0	0	0	0	0	0	0	0	0	0	0	4	0	0	0	0	0	0	0	0	0	0	0	0	0	0	0	0	0	0	0	0
OTU_544	0	4	2	2	3	0	0	1	1	2	0	0	0	0	0	0	1	4	3	2	0	2	3	0	0	0	0	2	0	0	1	0	0	0	0	0	0	0	0	0
OTU_2519	0	0	0	0	0	0	0	0	0	0	0	0	0	0	1	0	0	0	0	0	0	0	0	0	0	0	0	0	1	0	0	0	1	0	0	0	0	0	1	0
OTU_2685	0	0	0	0	0	0	0	0	0	0	0	0	0	0	0	0	0	0	0	2	0	0	0	0	0	0	0	0	0	0	0	0	0	0	0	0	0	0	0	0
OTU_2375	0	0	1	0	0	0	0	0	0	0	0	0	0	0	0	1	0	0	0	0	0	0	0	0	0	0	0	0	0	0	0	0	0	0	0	0	0	0	0	0
OTU_1228	2	1	1	4	0	0	0	0	0	0	0	0	0	0	0	0	0	1	1	1	0	0	0	0	0	0	0	0	0	0	0	0	0	0	0	0	0	0	0	0
OTU_510	1	0	1	0	30	0	0	0	0	0	0	0	0	0	0	1	0	0	0	29	0	0	0	0	0	0	0	0	0	0	0	0	0	0	0	0	0	0	0	0
OTU_2910	0	0	0	0	0	0	0	0	0	0	0	0	0	0	0	0	0	1	0	1	0	0	0	0	0	0	0	0	0	0	0	0	0	0	0	0	0	0	0	0
OTU_1681	1	0	1	0	0	0	0	0	0	0	0	0	0	0	0	0	1	0	0	2	0	0	0	0	0	0	0	0	0	0	0	0	0	0	0	0	0	0	0	0
OTU_1627	0	1	0	0	1	0	0	0	0	0	0	0	0	0	0	0	1	0	1	0	0	0	0	0	0	0	0	0	0	0	0	0	0	0	0	0	0	0	0	0
OTU_2521	0	0	0	0	0	0	0	0	0	0	0	0	0	0	0	0	0	0	0	1	0	0	0	0	0	0	0	0	1	1	0	0	0	0	1	0	0	0	0	0
OTU_2911	3	0	0	0	0	0	0	0	0	0	0	0	0	0	0	0	0	0	0	0	0	0	0	0	0	0	0	0	0	0	0	0	0	0	0	0	0	0	0	0
OTU_1099	0	0	6	1	1	0	0	0	0	0	0	0	0	0	0	0	1	2	3	2	0	0	0	0	0	0	0	0	0	0	0	0	0	0	0	0	0	0	1	0
OTU_1028	0	0	2	1	4	0	1	0	0	0	0	0	0	0	0	0	0	1	1	6	0	0	0	0	0	0	0	0	0	0	0	0	0	0	0	0	0	0	0	0
OTU_1418	1	0	1	0	2	0	0	0	0	0	0	0	0	0	0	1	1	0	0	1	0	0	0	0	0	0	0	0	2	0	1	0	1	0	0	0	0	0	0	0
OTU_2532	2	2	1	2	2	0	0	0	0	0	0	0	0	0	0	0	2	0	0	2	0	0	0	0	0	0	0	0	0	0	0	0	0	0	0	0	0	0	0	0
OTU_1834	0	0	0	0	2	0	0	0	0	0	0	0	0	0	0	0	1	2	0	0	0	0	0	0	0	0	0	0	0	0	0	0	0	0	0	0	0	0	0	0
OTU_1786	1	0	0	0	1	0	0	0	0	0	0	0	0	0	0	0	0	0	0	0	0	0	0	0	0	0	0	0	0	0	0	0	0	0	0	0	0	0	0	0
OTU_2074	1	2	0	0	0	0	0	0	0	0	0	0	0	0	0	0	3	0	1	0	0	0	0	0	0	5	0	1	0	0	2	0	1	0	0	0	0	0	0	0
OTU_703	0	13	0	0	0	0	0	0	0	0	0	0	0	0	0	0	8	0	0	0	0	0	0	0	0	0	0	0	0	0	0	0	0	0	0	0	0	0	0	0
OTU_1592	1	2	0	1	1	0	0	0	0	0	0	0	0	0	0	0	0	0	1	1	0	0	0	0	0	0	0	0	0	0	0	0	0	0	0	0	0	0	0	0
OTU_1472	0	0	5	0	2	0	0	2	2	0	0	4	0	0	1	1	2	2	1	3	0	0	0	1	0	0	0	0	0	0	0	0	0	0	0	0	0	0	0	0
OTU_1836	0	0	0	0	0	0	0	0	0	0	0	0	1	0	0	1	1	0	0	0	0	0	0	0	0	3	0	0	0	0	0	0	0	0	0	0	0	1	0	0
OTU_1787	2	2	1	0	0	1	0	0	0	0	0	0	0	0	0	1	0	0	0	1	0	0	2	0	0	1	0	1	0	0	0	0	0	0	0	0	0	0	0	0
OTU_2251	0	0	0	1	0	0	0	0	0	0	0	0	0	0	0	0	0	0	0	0	0	0	0	0	0	0	1	0	2	0	0	0	0	0	0	0	0	0	1	0
OTU_227	0	10	16	64	13	0	0	0	0	0	0	0	1	0	0	0	7	13	67	9	0	0	0	1	0	3	0	0	1	0	0	0	0	0	0	0	0	0	1	0
OTU_1484	0	2	4	2	2	0	0	0	0	0	0	0	0	0	0	1	2	1	0	2	0	0	0	0	0	0	0	0	0	0	0	1	1	0	0	0	0	0	0	0
OTU_1303	0	0	2	0	0	0	0	0	0	0	0	0	0	0	0	0	4	1	0	0	0	0	0	0	0	0	0	0	0	0	0	0	0	0	0	0	0	0	0	0
OTU_7	1	1	1	0	89	1146	2198	37	288	1836	4114	203	2244	1408	187	0	0	0	0	100	1984	1804	3889	2194	198	287	1266	4	9	84	339	114	1	6	1	11	1354	1	4	101
OTU_2916	0	0	0	0	0	0	0	0	0	0	0	0	0	0	0	0	0	0	0	1	0	0	0	0	0	0	0	0	0	0	0	0	0	0	0	0	0	0	0	0
OTU_602	0	0	0	0	0	0	0	0	0	0	0	0	0	0	0	0	0	0	0	0	0	0	0	0	0	5	45	0	5	6	1	2	21	3	5	2	49	0	4	5
OTU_1984	0	0	0	1	0	0	0	0	0	0	0	0	0	0	0	0	0	4	0	2	0	0	0	0	0	0	0	0	0	0	0	0	0	0	0	0	0	0	0	0
OTU_1719	0	1	0	0	0	0	0	0	0	0	0	0	0	0	0	0	0	0	0	0	1	0	0	0	0	0	0	0	2	1	1	0	2	0	0	0	0	0	2	0
OTU_534	4	0	15	3	6	0	0	0	0	0	0	0	0	0	0	3	0	6	6	7	0	0	0	0	0	0	0	0	0	0	0	0	0	0	0	0	0	0	0	0
OTU_448	0	3	0	0	0	0	0	0	0	0	0	0	0	0	0	3	1	0	1	0	2	0	0	0	0	13	9	0	2	6	23	0	0	0	0	3	5	0	5	6
OTU_640	0	0	5	0	1	1	0	3	0	0	1	0	2	0	0	0	3	6	0	1	0	0	0	1	0	7	0	0	0	0	5	0	0	0	0	0	0	0	0	0
OTU_1006	0	0	6	1	0	0	0	0	0	0	0	0	0	0	0	0	0	6	3	0	0	0	0	0	0	0	0	0	0	0	0	0	0	0	0	0	0	0	0	0
OTU_2069	1	0	0	0	0	0	0	0	0	0	0	0	0	0	0	2	0	0	0	0	0	0	0	0	0	0	0	0	0	0	0	0	0	0	0	0	0	0	0	0
OTU_571	1	0	14	0	0	0	0	0	0	0	0	0	0	0	0	0	1	20	0	1	0	0	0	0	0	0	0	0	0	0	0	0	0	0	0	0	0	0	0	0
OTU_1304	0	0	1	0	3	0	0	0	0	0	0	0	0	0	0	0	1	3	3	0	0	0	0	0	0	0	0	0	1	0	0	0	0	0	0	0	0	0	0	0
OTU_1629	1	2	0	1	4	0	0	0	0	0	0	0	0	0	0	0	0	0	1	1	0	0	0	0	0	1	0	0	1	0	0	0	1	1	0	0	1	0	0	0
OTU_347	1	1	0	20	1	3	0	0	0	0	0	0	5	2	0	1	0	2	26	0	0	0	0	10	0	1	4	0	0	0	0	2	0	0	1	0	11	0	0	0
OTU_1547	0	0	0	0	0	0	0	0	1	0	0	0	0	0	0	0	0	0	0	0	0	0	0	0	0	3	2	0	1	0	0	0	0	1	0	2	0	0	0	2
OTU_1915	3	0	0	0	0	0	0	0	0	0	0	0	0	0	0	3	0	2	0	0	0	0	0	0	0	0	0	0	0	0	0	0	0	0	0	0	0	0	0	0
OTU_1991	0	0	0	0	0	0	0	0	0	0	0	0	0	0	0	0	1	0	3	0	0	0	0	0	0	0	0	0	0	0	0	0	0	0	0	0	0	0	0	0
OTU_2155	1	0	0	2	2	0	0	1	0	0	0	0	0	0	0	0	2	0	1	0	0	0	0	0	0	0	0	0	0	0	0	0	0	1	0	0	0	0	0	0
OTU_1476	0	0	0	0	3	0	0	0	0	0	0	0	0	0	0	0	0	0	0	1	0	0	0	0	0	0	0	0	0	0	0	0	0	0	0	0	0	0	0	0
OTU_2696	1	0	0	0	0	0	0	0	0	0	0	0	0	0	0	0	1	0	0	0	0	0	0	0	0	0	0	0	0	0	0	0	0	0	0	0	0	0	0	0
OTU_2526	0	0	0	0	0	0	0	0	0	0	0	0	0	0	0	0	0	0	0	1	0	0	0	0	0	0	0	0	0	0	0	0	0	0	0	0	0	0	0	0
OTU_1630	0	0	1	0	0	0	0	0	0	0	0	0	0	0	0	0	1	0	2	1	0	0	0	0	0	0	0	0	0	0	0	0	0	0	0	0	0	0	0	0
OTU_2736	0	0	0	0	1	0	0	0	0	0	0	0	0	0	0	0	0	0	1	1	0	0	0	0	0	0	0	0	0	0	0	0	0	0	0	0	0	0	0	0
OTU_2527	1	0	1	0	0	0	0	0	0	0	0	0	0	0	0	0	0	1	0	0	0	0	0	0	0	0	0	0	0	0	0	0	0	0	0	0	0	0	0	0
OTU_1631	2	0	0	0	3	0	0	0	0	0	0	0	0	0	0	0	1	0	0	1	0	0	0	0	0	0	0	0	0	1	0	0	0	0	0	0	0	0	0	0
OTU_1740	1	0	5	0	0	0	0	0	0	0	0	0	0	0	0	0	0	3	0	0	0	0	0	0	0	0	0	0	0	0	0	0	0	0	0	0	0	0	0	0
OTU_280	1	15	4	8	11	0	0	0	1	2	0	0	0	3	1	2	20	1	8	15	0	2	6	1	1	1	0	0	0	0	0	4	0	0	0	0	0	0	0	0
OTU_2923	1	0	0	0	1	0	0	0	0	0	0	0	0	0	0	0	0	0	1	1	0	0	0	0	0	0	0	0	0	0	0	0	0	0	0	0	0	0	0	0
OTU_2466	0	0	0	0	0	0	0	1	0	1	0	0	0	0	0	0	0	0	0	0	0	3	0	0	0	0	0	0	0	0	0	0	0	0	0	0	0	0	0	0
OTU_2671	0	0	0	0	1	0	0	0	0	0	0	0	0	0	0	1	0	0	0	0	0	0	0	0	0	0	0	0	0	0	0	0	0	0	0	0	0	0	0	0
OTU_2700	0	0	0	0	0	0	0	0	0	0	0	0	0	0	0	1	0	0	1	0	0	0	0	0	0	0	0	0	0	0	0	0	0	0	0	0	0	0	0	0
OTU_2292	1	0	2	2	4	0	0	0	0	0	0	0	0	0	0	0	0	1	0	3	0	0	0	0	0	0	0	0	0	0	1	0	0	0	0	0	0	0	0	0
OTU_1578	0	0	2	0	0	0	0	0	0	0	0	0	0	0	0	0	0	0	1	2	0	0	0	0	0	1	0	0	0	0	0	0	0	0	0	0	0	0	0	0
OTU_2288	1	0	1	1	2	0	0	0	0	0	0	0	0	0	0	0	0	2	0	0	0	0	0	0	0	0	0	0	0	0	0	0	0	0	0	0	0	0	0	0
OTU_769	1	1	1	0	0	0	0	0	0	0	0	0	0	0	0	4	0	1	0	0	0	2	1	0	0	0	9	0	0	2	0	0	0	2	2	0	18	0	0	0
OTU_1359	0	0	1	1	0	0	0	0	0	0	0	0	0	0	0	1	0	0	0	0	0	0	0	0	0	0	0	0	0	0	0	1	0	0	0	0	0	0	0	0
OTU_831	0	0	0	0	0	0	0	0	0	0	0	0	0	0	0	0	1	0	0	0	0	0	0	0	0	2	8	0	12	0	3	2	4	0	0	1	1	0	2	0
OTU_1254	2	0	2	0	1	0	0	0	0	0	0	0	0	0	0	0	0	2	4	0	0	0	0	0	0	0	0	0	0	0	0	0	0	0	0	0	0	0	0	0
OTU_1294	0	0	1	0	0	0	0	0	0	0	0	0	0	0	0	0	1	0	0	0	0	0	0	0	1	3	0	0	1	3	1	0	0	0	0	1	0	1	4	0
OTU_1596	1	0	2	0	0	0	0	0	0	0	0	0	0	0	0	0	0	4	0	0	0	0	0	0	0	0	0	0	0	0	0	0	0	0	0	0	0	0	0	0
OTU_49	1	0	2	0	2	143	3	12	11	0	4	5	11	5	2	1	0	2	1	2	5	0	6	13	3	771	19	695	9	2	681	474	43	13	2	2	15	676	7	1
OTU_320	0	0	8	1	24	0	0	0	0	0	3	0	0	0	0	0	3	5	0	24	0	0	0	0	0	1	13	0	0	0	0	4	0	0	0	0	10	0	0	0
OTU_2255	0	0	0	1	0	0	0	0	0	0	0	0	0	0	0	0	0	0	1	1	0	0	0	0	0	0	0	0	0	0	0	0	0	0	0	0	0	0	0	0
OTU_2584	1	1	0	0	0	0	0	0	0	1	0	0	0	0	0	0	0	1	0	0	0	2	0	0	0	0	0	0	0	0	0	0	0	0	0	0	0	0	0	0
OTU_201	0	1	0	0	0	0	0	0	0	0	0	0	0	0	0	1	5	0	2	0	0	0	0	0	0	6	48	0	0	212	7	0	0	1	0	49	41	0	0	216
OTU_2531	0	2	0	0	0	0	0	0	0	0	0	0	0	0	0	0	0	0	0	0	0	0	0	0	0	0	0	0	0	0	0	0	1	0	0	0	0	0	0	0
OTU_2389	0	1	1	1	1	0	0	0	0	0	0	0	0	0	0	0	0	3	1	0	0	0	0	0	0	0	0	0	0	0	0	0	0	0	0	0	0	0	1	0
OTU_2383	0	0	0	1	0	0	0	0	0	0	0	0	0	0	0	0	0	1	2	0	0	0	0	0	0	1	2	0	2	0	2	0	1	1	0	0	1	0	1	0
OTU_986	4	0	2	0	0	0	0	0	0	0	0	0	0	0	0	1	1	3	2	0	0	0	0	0	0	0	0	0	0	0	0	0	0	0	0	0	0	0	0	0
OTU_2928	1	0	1	0	0	0	0	0	0	0	0	0	0	0	0	0	0	0	1	1	0	0	0	0	0	0	0	0	0	0	0	0	0	0	0	0	0	0	0	0
OTU_2392	0	1	0	0	0	0	0	0	0	0	0	0	0	0	0	0	1	0	0	1	0	0	0	0	0	0	0	0	0	0	0	0	0	0	0	0	0	0	0	0
OTU_313	0	0	4	2	4	0	120	0	0	0	0	0	0	0	0	3	1	0	1	2	131	0	0	0	0	0	0	0	0	0	0	0	0	0	0	0	0	0	0	0
OTU_809	0	0	2	1	0	0	0	0	0	0	0	0	0	3	0	0	0	1	4	0	0	0	0	0	0	0	0	0	0	0	0	0	13	0	0	0	0	0	0	0
OTU_2533	0	0	0	1	0	0	0	0	0	0	0	0	0	0	0	0	0	0	0	0	0	0	0	0	0	0	0	0	0	0	0	0	0	0	0	0	0	0	0	0
OTU_2415	0	0	0	0	2	0	0	0	0	0	0	0	0	0	0	0	0	0	0	0	0	0	0	0	0	0	0	0	0	0	0	0	0	0	0	0	0	0	0	0
OTU_902	1	0	0	3	0	0	0	0	0	0	0	0	0	0	0	0	0	0	3	0	0	0	0	0	0	0	0	0	0	0	0	1	0	0	0	0	0	0	0	0
OTU_1384	0	0	0	1	1	0	0	0	0	0	0	0	0	0	0	0	1	0	0	2	0	0	0	0	0	0	0	0	0	0	0	0	0	0	0	0	0	0	0	0
OTU_2258	1	0	0	0	0	0	0	0	0	0	0	0	0	0	0	2	0	0	0	0	0	0	0	0	0	0	0	0	0	0	0	0	0	0	0	0	0	0	0	0
OTU_688	0	1	6	4	3	0	0	0	0	0	0	0	0	0	0	0	0	4	0	4	0	0	0	0	0	0	0	0	0	0	0	0	0	0	0	0	0	0	0	0
OTU_1329	0	1	1	0	1	0	0	0	0	0	0	0	0	0	0	0	0	0	0	0	0	0	0	5	0	1	0	0	0	0	1	2	0	0	0	0	0	0	0	0
OTU_2710	0	1	0	0	0	0	0	0	0	0	0	0	0	0	0	1	1	1	0	0	0	0	0	0	0	0	0	0	0	0	0	0	0	0	0	0	3	0	0	0
OTU_2304	0	0	0	0	5	0	0	0	0	0	0	0	0	0	0	0	0	0	0	1	0	0	0	0	0	0	0	0	0	0	0	0	0	0	0	0	0	0	0	0
OTU_1586	0	2	0	2	0	0	0	0	0	0	0	0	0	0	0	0	0	1	0	1	0	0	0	0	0	0	0	0	0	0	0	0	0	0	0	0	0	0	0	0
OTU_1665	1	0	0	2	0	0	0	0	0	0	0	0	0	0	0	0	0	0	0	1	0	0	0	0	0	0	0	0	2	0	0	0	0	0	0	0	0	0	7	0
OTU_1675	0	0	0	0	0	0	0	0	0	0	0	0	0	0	0	0	0	0	0	1	0	0	0	0	0	0	0	0	0	0	0	0	0	0	0	0	0	0	0	0
OTU_1724	0	1	1	1	0	0	0	0	0	0	0	0	0	0	0	0	1	1	0	0	0	0	0	0	0	0	0	0	0	0	0	0	0	0	0	0	0	0	0	0
OTU_1192	1	0	0	0	0	0	0	1	0	0	0	0	0	0	3	1	0	0	0	0	0	0	0	0	1	0	0	0	0	0	0	0	0	0	0	0	0	0	0	0
OTU_2386	0	0	0	0	0	0	0	0	0	0	0	0	0	0	0	1	0	0	0	0	0	0	0	0	0	1	1	0	0	0	0	0	1	0	0	1	0	0	1	0
OTU_1725	0	0	1	1	1	0	0	0	0	0	0	0	0	0	0	0	0	0	0	0	0	0	0	0	0	0	0	0	0	0	0	0	0	0	0	0	0	0	0	0
OTU_1048	1	1	5	0	0	0	0	0	0	0	0	0	0	0	0	2	0	2	1	2	0	1	0	0	0	0	0	0	0	0	0	0	0	0	0	0	0	0	0	0
OTU_1092	1	0	2	0	1	0	0	0	0	0	0	0	0	0	0	1	1	2	0	2	0	0	0	0	0	0	0	0	0	0	0	0	0	0	0	0	0	0	0	0
OTU_2260	0	1	1	0	0	0	0	0	0	0	0	0	0	0	0	0	0	5	0	0	0	0	0	0	0	0	0	0	0	0	0	0	0	0	0	0	0	0	0	0
OTU_1279	0	1	0	0	1	0	0	0	0	0	0	0	0	0	0	0	0	0	4	2	0	0	1	0	0	0	1	0	0	0	0	0	0	0	0	0	0	0	0	0
OTU_2122	0	0	0	1	1	0	0	0	0	1	0	0	0	0	0	0	2	0	0	0	0	0	0	0	0	1	0	0	0	0	4	0	1	0	0	0	0	0	0	0
OTU_153	1	0	1	2	0	84	0	0	1	9	2	0	0	2	10	0	0	2	0	0	0	17	0	0	20	235	78	0	0	0	259	0	2	0	0	0	84	0	0	0
OTU_1559	0	1	1	1	3	0	0	0	0	0	0	0	0	0	0	1	0	1	0	1	0	0	0	0	0	0	0	0	0	0	0	0	0	0	0	0	0	0	0	0
OTU_1792	0	0	0	0	0	0	0	0	0	0	0	0	0	0	0	0	0	0	0	0	0	0	0	0	0	0	0	0	2	0	1	0	0	0	0	0	3	0	0	0
OTU_2797	0	0	0	0	0	0	0	0	0	0	0	0	0	0	0	0	0	0	0	2	0	0	0	0	0	0	0	0	0	0	0	0	0	0	0	0	0	0	0	0
OTU_2164	0	0	1	0	1	0	0	0	0	0	0	0	0	0	0	1	0	0	0	1	0	0	0	0	0	0	0	0	0	0	0	0	0	0	0	0	0	0	0	0
OTU_2165	0	0	0	1	0	0	0	0	0	0	0	0	0	0	0	0	0	0	0	0	0	0	0	0	0	0	0	0	0	0	0	0	0	0	0	0	0	1	0	0
OTU_2965	0	2	0	0	0	0	0	0	0	0	0	0	0	0	0	0	0	0	0	1	0	0	0	0	0	0	0	0	0	0	0	0	0	0	0	0	0	0	0	0
OTU_1706	0	0	2	2	0	0	0	0	0	1	0	0	0	0	0	0	0	1	2	1	0	0	0	0	0	1	0	0	0	0	0	0	0	0	0	0	1	0	1	0
OTU_945	0	1	2	2	0	0	0	0	0	0	0	0	0	0	0	0	1	3	3	0	0	0	0	0	0	0	0	0	0	0	0	0	0	0	0	0	0	0	0	0
OTU_2391	1	0	0	0	0	0	0	0	0	0	0	0	0	0	0	0	0	2	0	0	0	0	0	0	0	0	0	0	0	0	0	0	0	0	0	0	0	0	0	0
OTU_2365	0	0	1	1	0	0	0	0	0	0	0	0	0	0	0	0	0	1	0	0	0	0	0	0	0	0	0	0	0	0	0	0	0	0	0	0	0	0	0	0
OTU_1154	0	0	0	3	0	0	0	0	0	0	0	0	0	0	0	0	0	0	2	4	0	0	0	0	0	0	0	0	0	0	0	0	0	0	0	0	0	0	0	0
OTU_377	0	0	0	0	0	0	3	3	0	0	1	0	0	2	0	0	0	0	0	0	0	0	0	0	1	22	2	36	4	0	14	14	10	1	0	0	2	31	3	0
OTU_1306	1	1	0	0	3	0	0	0	0	0	0	0	0	1	0	1	0	0	0	4	0	0	0	0	0	0	0	0	0	0	0	0	0	0	0	0	0	0	0	0
OTU_1676	0	0	0	0	0	0	0	0	0	1	0	0	0	0	0	0	0	0	0	1	0	0	0	2	0	0	1	2	0	0	0	0	6	0	0	0	0	1	0	0
OTU_2537	2	0	0	0	0	0	0	0	0	0	0	0	0	0	0	0	0	0	0	0	0	0	0	0	0	1	0	0	0	0	0	0	0	0	0	0	0	0	0	0
OTU_2560	0	0	0	0	0	0	0	0	0	0	0	0	1	0	0	0	0	1	0	0	0	0	0	0	0	0	0	0	0	0	0	0	0	0	0	0	0	0	1	0
OTU_1556	1	0	1	0	1	0	0	0	0	0	0	0	0	0	0	0	0	2	0	0	0	0	0	0	0	0	0	0	0	0	0	0	0	0	0	0	0	0	0	0
OTU_2721	0	0	0	0	0	0	0	0	0	0	0	0	0	0	0	1	0	1	0	0	0	0	0	0	0	0	0	0	0	0	0	0	0	0	0	0	0	0	0	0
OTU_2966	1	0	0	0	2	0	0	0	0	0	0	0	0	0	0	0	0	1	0	0	0	0	0	0	0	0	0	0	0	0	0	0	0	0	0	0	0	0	0	0
OTU_1999	0	0	0	1	0	0	0	0	0	0	0	0	0	0	0	0	0	1	0	0	0	0	0	0	0	0	0	0	0	0	0	0	0	0	0	0	0	0	0	0
OTU_2169	0	0	0	0	0	0	1	0	0	0	0	0	0	0	0	0	0	0	0	0	0	0	0	0	0	0	2	0	1	0	2	2	1	0	5	0	2	0	1	0
OTU_2078	1	0	0	2	0	0	0	0	0	0	0	0	0	0	0	1	0	2	0	0	0	0	0	0	0	0	0	0	0	0	0	0	0	0	0	0	0	0	0	0
OTU_2001	0	0	0	0	0	0	0	0	0	0	0	0	0	0	0	0	0	0	0	0	0	0	0	0	0	3	0	0	2	0	2	0	0	2	1	0	0	0	1	0
OTU_2394	0	0	0	0	0	0	0	0	0	0	2	0	0	0	0	0	0	0	0	1	0	0	0	0	0	0	0	0	0	0	0	0	0	2	0	0	0	0	0	0
OTU_2190	1	0	0	0	0	0	0	0	0	0	0	0	0	0	0	0	0	0	2	0	0	0	0	0	0	0	0	0	0	0	0	0	0	0	0	0	0	0	0	0
OTU_1405	1	0	0	0	0	1	6	0	2	0	0	0	0	1	0	1	0	2	0	0	0	0	0	0	1	0	0	1	0	0	0	0	1	0	0	0	0	0	0	0
OTU_229	0	0	0	0	0	3	9	0	23	53	0	0	11	15	0	0	0	0	0	0	0	34	1	13	0	1	0	141	0	6	3	0	4	4	3	10	0	136	0	5
OTU_2263	1	0	1	0	0	0	0	0	0	0	0	0	0	0	0	0	0	0	0	0	0	0	0	0	0	0	0	0	0	0	0	0	0	0	0	0	0	0	0	0
OTU_2081	1	0	0	0	1	0	0	0	0	0	0	0	0	0	0	0	0	0	0	0	0	0	0	0	0	0	0	0	0	0	0	0	0	0	0	0	0	0	0	0
OTU_1485	0	0	0	0	0	0	0	0	0	0	0	0	0	0	0	0	0	0	1	1	0	0	0	0	0	0	0	0	0	0	0	0	0	0	0	0	0	0	0	0
OTU_3077	0	0	0	0	0	0	0	0	0	0	0	0	0	1	0	0	0	0	0	0	0	3	0	1	0	0	0	0	0	1	0	1	0	0	0	0	1	0	0	0
OTU_2395	0	1	1	0	1	0	0	0	0	0	0	0	0	0	0	1	0	0	1	0	0	0	0	0	0	0	0	0	0	0	0	0	0	0	0	0	0	0	0	0
OTU_710	0	0	0	1	0	0	0	0	0	0	0	0	0	1	2	0	1	1	0	0	0	5	0	0	0	0	1	0	2	7	2	0	0	0	0	2	1	0	6	2
OTU_2421	0	0	1	0	0	0	0	0	0	0	0	0	0	0	0	0	0	1	0	2	0	0	0	0	0	0	0	0	0	0	0	0	0	0	0	0	0	0	0	0
OTU_2562	0	1	3	1	0	0	0	0	0	0	0	0	0	0	0	0	0	1	0	0	0	0	0	0	0	0	0	0	0	0	0	0	0	0	0	0	0	0	1	0
OTU_2898	1	0	1	0	0	0	0	0	0	0	0	0	0	0	0	0	0	0	0	1	0	0	0	0	0	0	0	0	0	1	0	0	0	0	0	0	0	0	0	0
OTU_2405	0	0	0	0	2	0	0	0	0	0	0	0	0	0	0	0	0	1	1	2	0	0	0	0	0	0	0	0	0	0	0	0	0	0	0	0	0	0	0	0
OTU_1755	0	0	1	0	1	0	0	0	0	0	0	0	0	0	0	0	0	0	1	6	0	0	0	0	0	0	0	0	0	0	0	0	0	0	0	0	0	0	0	0
OTU_2136	0	0	0	0	0	0	0	0	0	1	0	0	0	0	0	0	0	0	0	1	1	0	0	3	0	0	1	0	2	0	0	0	0	0	0	0	0	0	0	0
OTU_2124	0	0	0	0	0	0	0	0	0	0	1	0	0	0	0	1	0	0	0	0	0	0	1	0	0	0	0	0	0	0	0	0	0	0	0	0	0	0	0	0
OTU_1086	0	0	1	0	0	0	0	0	0	0	0	0	0	0	0	2	0	3	0	0	0	0	0	0	0	0	0	0	0	0	0	0	0	0	0	0	0	0	0	0
OTU_2869	0	0	0	0	0	0	0	0	0	0	0	0	0	0	0	0	0	1	0	1	0	0	0	0	0	0	0	0	0	0	0	0	0	0	0	0	0	0	0	0
OTU_3010	0	0	0	0	0	0	0	0	0	1	0	0	0	0	0	0	0	0	0	1	0	0	0	0	0	0	0	0	0	0	0	0	0	0	0	0	0	0	0	0
OTU_2899	0	0	0	0	0	0	0	0	0	0	0	0	0	0	0	0	0	1	0	0	0	0	0	0	0	0	0	0	0	0	0	0	0	0	0	0	0	0	0	0
OTU_2672	0	0	1	0	0	0	0	0	0	0	0	0	0	0	0	0	0	0	0	0	0	0	0	0	0	0	0	0	0	0	0	0	0	0	0	0	0	0	0	0
OTU_2244	0	0	3	0	1	0	0	0	0	0	0	0	0	0	0	0	0	0	0	1	0	0	0	0	0	0	0	0	0	0	0	0	0	0	0	0	0	0	0	0
OTU_2245	0	0	0	0	1	0	0	0	0	0	0	0	0	0	0	0	0	0	0	1	0	0	0	0	0	0	0	0	0	0	0	0	0	0	0	0	0	0	0	0
OTU_1620	0	0	0	0	0	0	0	0	0	0	0	0	0	0	0	0	0	0	0	0	0	0	0	0	0	2	11	0	2	0	1	0	0	0	3	0	3	0	1	0
OTU_1209	0	0	0	1	1	0	0	0	0	1	0	0	0	0	0	1	0	0	2	0	0	0	0	0	0	0	0	0	0	0	0	0	0	0	0	0	0	0	0	0
OTU_2062	0	0	0	0	0	0	0	0	0	0	0	0	0	0	0	0	0	0	0	1	0	0	0	0	0	0	0	0	0	0	0	0	0	0	0	0	0	0	0	0
OTU_1210	1	1	4	2	1	0	0	0	0	0	0	0	0	0	0	1	0	2	0	2	0	0	0	0	0	0	0	0	2	0	0	1	0	0	0	0	0	0	1	0
OTU_2986	0	0	0	0	1	0	0	0	0	0	0	0	0	0	0	0	1	1	0	0	0	0	0	0	0	0	0	0	0	0	0	0	0	0	0	0	0	0	0	0
OTU_774	0	3	0	1	0	0	0	0	1	0	0	0	0	0	0	1	0	1	2	1	0	0	0	0	0	0	0	0	0	5	0	0	0	0	0	0	0	0	0	5
OTU_1225	0	0	1	0	0	0	0	0	0	0	0	0	0	0	0	0	0	0	0	0	0	0	0	0	0	0	0	0	1	1	1	0	1	0	0	0	0	0	2	0
OTU_71	0	788	0	0	0	0	0	0	0	0	0	0	0	0	0	0	722	0	0	0	0	0	0	0	0	0	0	0	0	0	0	0	0	0	0	0	0	0	0	0
OTU_176	0	212	0	1	0	0	0	0	0	0	0	0	0	0	0	0	220	0	0	0	0	0	0	0	0	0	0	0	0	0	0	0	0	0	0	0	0	0	0	0
OTU_264	0	7	53	0	0	0	0	0	0	0	0	0	0	0	0	0	7	62	0	0	0	0	0	0	0	0	0	0	0	0	0	0	0	0	1	3	1	0	0	0
OTU_322	0	48	0	0	2	0	0	0	0	0	0	0	0	0	0	1	60	0	0	3	0	0	0	0	0	0	0	0	0	0	0	0	0	0	0	0	0	0	0	0
OTU_226	0	55	0	4	0	44	0	0	0	0	0	0	0	0	13	0	68	1	15	0	0	0	0	0	22	56	80	0	73	66	57	0	11	0	1	210	86	0	55	41
OTU_400	0	9	2	0	5	0	0	0	0	0	0	0	3	3	0	0	14	1	0	1	0	0	0	2	0	4	0	8	0	0	11	1	1	0	0	0	0	3	0	0
OTU_1260	0	1	0	0	0	0	1	0	0	2	0	0	0	1	0	0	0	0	1	0	1	1	0	0	0	0	0	0	1	0	0	0	0	0	0	0	0	0	0	0
OTU_55	0	18	4	0	0	0	0	0	0	0	0	33	0	0	0	0	14	1	1	0	0	0	0	0	0	47	956	0	0	1230	61	3	2	95	147	1653	1021	0	0	1358
OTU_2086	0	1	0	1	0	0	0	0	0	0	0	0	0	0	0	0	1	2	0	0	0	0	0	0	0	0	0	0	0	0	0	0	0	0	0	0	0	0	0	0
OTU_1216	0	5	0	0	0	0	0	0	0	0	0	0	0	0	0	0	4	0	0	0	0	0	0	0	0	0	0	0	0	0	0	0	0	0	0	0	0	0	0	0
OTU_547	0	1	10	2	2	1	0	0	1	0	0	0	0	0	0	0	2	14	1	0	0	0	0	0	0	0	0	0	0	0	0	0	0	6	0	0	0	0	0	0
OTU_327	0	1	0	53	1	0	0	0	0	0	0	0	0	0	0	0	1	0	53	6	0	0	0	0	0	0	0	0	0	0	0	0	0	0	8	0	0	0	0	0
OTU_399	0	0	0	0	0	0	0	1	3	0	0	0	0	17	19	0	0	2	0	0	0	1	2	1	34	0	0	0	0	0	0	0	0	0	0	0	0	0	0	0
OTU_2401	0	1	0	0	0	0	0	0	0	0	0	0	0	0	0	0	0	1	0	0	0	0	0	0	0	0	0	0	0	0	0	0	0	0	0	0	0	0	0	0
OTU_955	0	5	0	1	0	0	0	0	0	0	0	0	0	0	0	0	6	0	0	1	0	0	0	0	0	0	0	0	0	0	0	0	0	0	0	0	0	0	0	0
OTU_2404	0	0	0	0	0	0	0	0	0	0	0	0	0	0	0	0	0	0	0	0	0	0	0	0	0	0	0	0	0	0	0	3	0	0	0	0	0	0	0	0
OTU_1331	0	5	0	0	0	0	0	0	0	0	0	0	0	0	0	1	2	0	0	0	0	0	0	0	0	0	0	0	0	0	0	0	0	0	0	0	0	0	0	0
OTU_663	0	2	0	0	0	0	0	0	0	0	0	0	0	0	0	0	1	0	0	0	0	0	0	0	0	0	0	0	0	0	0	46	0	0	0	0	0	0	0	0
OTU_2406	0	1	1	0	1	0	0	0	0	0	0	0	0	0	0	0	0	1	0	0	0	0	0	0	0	0	0	0	1	0	0	0	0	0	0	0	0	0	0	0
OTU_1016	0	1	0	0	0	0	0	0	0	0	0	1	0	0	0	0	1	0	0	0	0	2	2	0	0	5	0	0	0	0	3	5	0	0	0	0	0	0	0	0
OTU_606	0	4	0	0	0	0	0	0	0	0	0	0	0	0	0	0	6	0	0	0	0	0	0	0	0	16	0	0	0	0	15	0	0	0	0	0	0	0	0	0
OTU_1017	0	0	0	0	0	0	0	0	0	0	0	0	0	0	0	0	2	0	0	0	0	1	0	0	0	0	0	0	0	8	0	0	0	0	0	0	0	0	0	5
OTU_180	0	0	0	0	0	0	715	0	1	0	6	3	31	20	0	0	0	0	0	0	748	0	4	44	0	0	0	0	0	0	0	0	0	0	0	0	0	0	0	0
OTU_1854	0	3	0	0	0	0	0	0	0	0	0	0	0	0	0	0	3	0	0	0	0	0	0	0	0	0	0	0	0	0	0	0	0	0	0	0	0	0	0	0
OTU_97	0	3	4	3	29	0	0	0	0	0	0	0	0	0	0	0	0	3	11	31	0	0	0	0	0	0	11	0	34	469	0	1	0	53	4	550	9	0	36	420
OTU_1560	0	2	0	0	2	0	0	0	0	0	0	0	0	0	0	0	1	2	0	0	0	0	0	0	0	0	0	0	0	0	0	0	0	0	0	0	0	0	0	0
OTU_1091	0	4	0	0	0	0	0	0	0	0	0	0	0	0	0	0	6	0	0	0	0	0	0	0	0	0	0	0	0	0	0	0	0	0	0	0	0	0	0	0
OTU_1937	0	5	0	0	0	0	0	0	0	0	0	0	0	0	0	0	2	0	0	0	0	0	0	0	0	0	0	0	0	0	0	0	0	0	0	0	0	0	0	0
OTU_1234	0	1	1	0	2	0	0	0	0	0	0	0	0	0	0	0	0	0	0	2	0	0	0	0	0	0	0	0	0	0	0	1	0	0	0	0	0	0	0	0
OTU_2956	0	0	0	0	1	0	0	0	0	1	0	0	0	0	0	0	0	0	0	0	0	0	0	0	0	0	0	0	0	0	0	0	0	0	0	0	0	0	0	0
OTU_2553	0	1	0	0	1	0	0	0	0	0	0	0	0	0	0	0	1	1	0	0	0	0	0	0	0	0	0	0	0	0	0	0	0	0	0	0	0	0	0	0
OTU_50	0	2	0	0	2	0	0	0	0	0	0	0	0	0	0	0	0	0	0	0	0	0	0	0	0	2	7	0	0	0	1	0	3	22	5798	1	8	0	0	0
OTU_2771	0	0	1	0	0	0	0	0	0	0	0	0	0	0	0	0	1	0	0	1	0	0	0	0	0	0	0	0	0	0	0	0	0	0	0	0	0	0	0	0
OTU_1561	0	1	0	0	0	0	0	0	0	0	0	0	0	0	0	0	1	3	1	2	0	0	0	0	0	0	0	0	0	0	0	0	0	0	0	0	0	0	0	0
OTU_498	0	2	0	0	17	0	0	0	0	0	0	0	0	0	0	0	5	0	0	18	0	0	0	1	0	0	0	0	0	0	0	0	0	0	2	0	0	0	0	0
OTU_2742	0	1	0	0	0	0	0	0	0	0	0	0	0	0	0	0	0	0	0	0	0	0	0	0	0	0	0	0	0	0	0	0	0	0	0	0	0	0	0	0
OTU_2170	0	0	2	0	0	0	0	0	0	0	0	0	0	0	0	0	0	0	1	0	0	0	0	0	0	0	0	0	0	0	0	0	0	0	0	0	0	0	0	0
OTU_2943	0	1	0	0	0	0	0	0	0	0	0	0	0	0	0	0	0	0	0	0	0	0	0	0	0	0	0	0	0	0	1	0	0	0	0	0	0	0	0	0
OTU_324	0	0	30	1	6	0	0	0	0	0	0	0	0	0	0	1	0	40	1	1	0	0	0	0	0	0	0	0	0	0	0	0	0	0	0	0	0	0	0	0
OTU_2010	0	0	1	0	0	0	0	0	0	0	0	0	0	0	0	0	0	1	0	1	0	0	0	0	0	0	0	0	0	0	0	0	0	0	0	0	0	0	0	0
OTU_2005	0	0	1	0	2	0	0	0	0	0	0	0	0	0	0	0	0	0	0	0	0	0	0	0	0	0	0	0	0	0	0	0	0	0	0	0	0	0	0	0
OTU_1591	0	0	0	0	0	0	0	0	1	1	3	4	0	1	0	0	0	0	0	0	0	0	0	0	1	0	0	0	1	0	0	0	0	0	0	0	0	0	0	0
OTU_2944	0	1	0	0	0	0	0	0	0	0	0	0	0	0	0	0	0	0	0	0	0	0	0	0	0	0	0	0	0	0	0	0	0	0	0	0	0	0	0	0
OTU_1330	0	2	0	0	0	0	0	0	0	0	2	0	0	0	1	0	0	0	1	0	0	0	2	0	1	0	0	0	0	0	0	0	0	0	0	0	0	0	0	0
OTU_2543	0	3	0	0	0	0	0	0	0	0	0	0	0	0	0	0	2	0	0	0	0	0	0	0	0	0	0	0	0	0	0	0	0	0	0	0	0	0	0	0
OTU_2950	0	1	1	0	0	0	0	0	0	0	0	0	0	0	0	0	0	0	0	2	0	0	0	0	0	0	0	0	0	0	0	0	0	0	0	0	0	0	0	0
OTU_892	0	5	0	0	0	0	0	0	0	0	0	0	0	0	7	3	3	0	0	0	0	0	0	0	7	0	0	0	0	0	0	0	0	0	0	0	0	0	0	0
OTU_819	0	2	0	3	1	0	0	0	0	0	0	0	0	0	0	2	2	3	4	1	0	0	0	0	0	1	0	0	0	0	2	3	0	0	0	0	1	0	0	0
OTU_2435	0	0	3	0	5	0	0	0	0	0	0	0	0	0	0	0	0	0	0	2	0	0	0	0	0	0	0	0	0	0	0	0	0	0	0	0	0	0	0	0
OTU_2946	0	0	0	0	0	0	0	0	0	0	0	0	0	0	0	0	0	0	0	0	0	0	0	0	1	0	0	0	0	2	0	0	0	0	0	0	0	0	0	0
OTU_1558	0	0	1	0	0	0	0	0	0	0	0	0	0	0	0	0	0	1	0	1	0	0	0	0	0	0	0	0	0	0	0	0	0	0	0	0	0	0	0	3
OTU_126	0	0	1	0	0	0	2	0	0	0	0	0	2	0	0	0	0	0	0	0	5	0	0	7	0	219	215	0	18	2	242	0	16	1	13	25	208	0	23	2
OTU_1639	0	0	0	1	0	0	0	0	0	0	0	0	0	0	0	3	0	0	0	0	0	0	1	0	0	2	0	0	0	0	0	0	0	0	0	0	0	0	0	0
OTU_2101	0	0	0	1	0	0	0	0	0	0	0	0	0	0	0	0	0	1	0	0	0	0	0	0	0	0	0	0	0	0	0	0	0	0	0	0	0	0	0	0
OTU_2402	0	2	0	0	0	0	0	0	0	0	0	0	0	0	0	0	0	0	0	0	0	0	0	0	0	0	0	0	0	0	0	0	0	0	0	0	0	0	0	0
OTU_1851	0	0	0	1	0	0	0	0	0	0	0	0	0	0	0	1	0	0	1	5	0	0	0	0	0	0	0	0	0	0	0	0	0	0	0	0	0	0	0	0
OTU_2775	0	0	0	0	0	0	0	0	0	0	0	0	0	0	0	0	1	0	0	0	0	0	0	0	0	0	0	0	0	0	0	0	0	0	0	0	0	0	0	0
OTU_1338	0	0	4	0	0	0	0	0	0	0	0	0	0	0	0	1	1	1	0	1	0	0	0	0	0	0	0	0	1	0	1	0	0	0	0	0	0	0	0	0
OTU_1172	0	0	5	0	4	0	0	0	0	0	0	0	0	0	0	1	1	7	0	1	0	0	0	0	0	0	0	0	0	0	0	0	0	0	0	0	0	0	0	0
OTU_1928	0	1	1	2	1	0	0	0	0	0	0	0	0	0	0	0	0	1	0	0	0	0	0	0	0	0	0	0	0	0	0	0	0	0	0	0	0	0	0	0
OTU_141	0	1	13	0	3	0	0	19	0	0	0	0	0	0	0	0	2	26	0	2	0	0	0	0	0	4	32	0	3	237	5	2	7	282	20	25	23	0	3	234
OTU_2733	0	1	0	0	1	0	0	0	0	0	0	0	0	0	0	1	0	0	0	0	0	0	0	0	0	0	0	0	0	0	0	0	0	0	0	0	0	0	0	0
OTU_2270	0	0	3	0	0	0	0	0	0	0	0	0	0	0	0	0	0	0	1	1	0	0	0	0	0	0	0	0	0	0	0	0	0	0	0	0	0	0	0	0
OTU_2271	0	1	0	0	0	0	0	0	0	0	0	0	0	0	0	0	1	0	0	0	0	0	0	0	0	0	0	0	0	0	0	0	0	0	0	0	0	0	0	0
OTU_2779	0	0	1	0	0	0	0	0	0	0	0	0	0	0	0	0	0	1	0	0	0	0	0	0	0	0	0	0	0	0	0	0	0	0	0	0	0	0	0	0
OTU_2734	0	0	0	0	0	0	0	0	0	0	0	0	0	0	0	0	0	0	1	0	0	0	0	0	0	0	0	0	0	0	0	0	0	0	0	0	0	0	0	0
OTU_1156	0	1	0	0	1	0	0	0	0	0	0	0	0	0	0	0	0	0	0	0	0	0	0	0	0	0	0	0	0	0	0	0	0	0	0	0	0	0	0	0
OTU_1929	0	1	0	0	0	0	0	0	0	1	0	0	0	0	1	0	0	0	0	1	0	0	0	0	0	0	1	0	2	0	0	0	2	0	0	0	0	0	0	0
OTU_1730	0	0	1	3	1	0	0	0	0	0	0	0	0	0	0	0	1	1	0	1	0	0	0	0	0	0	0	0	0	0	0	0	0	1	0	0	0	0	0	0
OTU_1173	0	1	1	2	4	0	0	0	0	0	0	0	0	0	0	0	1	1	1	0	0	0	0	0	0	0	0	0	0	0	0	0	0	0	0	0	0	0	1	0
OTU_2428	0	0	1	0	0	0	0	0	0	0	0	0	0	0	0	0	0	2	0	0	0	1	0	0	0	2	0	0	0	0	1	0	0	0	2	0	0	0	0	0
OTU_1588	0	1	0	0	0	0	0	0	0	0	0	0	0	0	0	0	0	0	1	0	0	0	0	0	0	0	0	0	1	2	0	0	0	2	1	0	0	0	0	0
OTU_2764	0	1	1	0	0	0	0	0	0	0	0	0	0	0	0	0	0	0	0	1	0	0	0	0	0	0	0	0	0	0	0	0	0	0	0	0	0	0	0	0
OTU_1680	0	0	0	0	0	0	0	0	0	0	0	0	0	0	0	0	0	3	1	0	0	0	0	0	0	0	0	0	0	0	0	0	0	0	0	0	0	0	0	0
OTU_1797	0	1	0	1	0	0	0	0	0	0	0	0	0	0	0	0	0	1	0	0	0	0	0	0	0	0	0	0	0	0	1	0	0	0	0	0	0	0	0	0
OTU_2947	0	0	0	0	0	0	0	0	0	0	0	0	0	0	0	0	0	0	1	1	0	0	0	0	0	0	0	0	0	0	0	0	0	0	0	0	0	0	0	0
OTU_1366	0	0	0	0	0	0	0	0	0	0	0	0	0	0	0	0	0	1	1	3	0	0	0	0	0	0	0	0	0	0	0	0	0	0	0	0	0	0	0	0
OTU_1090	0	2	10	1	1	0	0	0	0	0	0	0	0	0	0	0	0	3	0	0	0	0	0	0	0	0	0	0	0	0	0	0	0	0	0	0	0	0	0	0
OTU_1483	0	0	2	0	0	0	0	0	0	0	0	0	0	0	0	0	0	3	0	0	0	0	0	0	0	0	0	0	0	0	0	0	0	0	0	0	0	0	0	0
OTU_1932	0	1	2	1	0	0	0	0	0	0	0	0	0	0	0	0	0	0	0	3	0	0	0	0	0	0	0	0	2	0	0	0	0	0	0	0	0	0	0	0
OTU_829	0	0	3	0	2	0	0	0	0	0	0	0	0	0	0	0	2	1	1	1	0	0	0	0	0	0	0	0	0	0	0	0	0	0	0	0	0	0	0	0
OTU_2988	0	0	1	0	1	0	0	0	0	0	0	0	0	0	0	0	0	1	0	2	0	0	0	0	0	0	0	0	0	0	0	0	0	0	0	0	0	0	0	0
OTU_1337	0	0	6	0	0	0	0	0	0	0	0	0	0	0	0	0	0	2	1	0	0	0	0	0	0	0	0	1	0	0	0	0	0	0	0	0	0	0	0	0
OTU_2274	0	0	3	0	1	0	0	0	0	0	0	0	0	0	0	0	1	0	2	2	0	0	0	0	0	0	0	0	0	0	0	0	0	0	0	0	0	0	0	0
OTU_2015	0	0	3	0	0	0	0	0	0	0	0	0	0	0	0	0	0	1	0	0	0	0	0	0	0	0	0	1	0	0	0	0	0	0	0	0	0	0	0	0
OTU_2089	0	0	0	0	1	0	0	0	0	0	0	0	0	0	0	0	0	0	0	1	0	0	0	0	0	0	0	0	0	0	0	0	0	0	0	0	0	0	0	0
OTU_86	0	1	0	554	0	0	0	0	0	0	0	0	0	0	0	0	0	0	534	0	0	0	0	0	0	0	0	0	0	0	0	0	0	0	0	0	0	0	0	0
OTU_617	0	0	0	3	10	0	0	0	0	0	0	0	0	3	0	0	0	0	1	9	0	0	0	0	0	2	0	0	1	0	0	0	0	3	1	0	0	0	0	0
OTU_1735	0	0	2	2	0	0	0	0	0	0	0	0	0	0	0	0	0	0	2	3	0	0	0	0	0	0	0	0	0	0	0	0	0	0	0	0	0	0	0	0
OTU_2737	0	1	0	0	0	0	0	0	0	0	0	0	0	0	0	0	0	0	0	0	0	0	0	0	0	0	3	0	0	0	0	0	0	0	0	0	4	0	5	0
OTU_1455	0	0	0	0	1	0	0	0	2	0	0	0	0	0	0	0	1	0	0	0	0	0	2	0	0	0	0	0	0	0	0	0	0	0	0	0	0	0	0	0
OTU_2952	0	0	0	0	0	0	0	0	0	0	0	0	0	0	0	0	0	0	0	0	0	0	0	0	0	0	0	0	0	0	1	0	0	0	0	0	0	0	0	0
OTU_1736	0	0	1	0	0	0	0	0	0	0	0	0	0	0	0	0	3	1	0	1	0	0	0	0	0	0	0	0	0	0	0	0	0	0	0	0	0	0	0	0
OTU_784	0	1	0	0	0	0	0	0	0	0	0	0	0	0	0	0	0	0	0	2	0	0	0	0	0	9	0	1	0	0	10	1	2	0	0	0	0	1	0	0
OTU_2174	0	0	0	0	0	0	0	0	0	0	0	0	0	0	0	0	1	0	2	4	0	0	0	0	0	0	0	0	0	0	0	0	0	0	0	0	0	0	0	0
OTU_2409	0	0	1	1	0	0	0	0	0	0	0	0	0	0	0	0	0	0	0	0	0	0	0	0	0	0	0	0	0	0	0	0	0	0	0	0	0	0	0	0
OTU_2744	0	0	1	0	0	0	0	0	0	0	0	0	0	0	0	0	0	0	0	0	0	1	0	0	0	0	0	0	0	0	0	0	0	0	0	0	0	0	0	0
OTU_2057	0	0	0	0	0	0	0	0	0	0	0	0	0	0	0	0	0	0	0	0	0	0	0	0	0	0	1	0	1	0	1	2	3	0	0	0	0	0	2	0
OTU_1857	0	0	0	0	0	0	0	0	0	0	0	0	0	0	0	1	0	0	1	1	0	0	0	0	0	0	0	0	0	0	0	1	0	0	0	0	0	0	0	0
OTU_1389	0	1	0	0	4	0	0	0	0	0	0	0	0	0	0	0	0	0	0	4	0	0	0	0	0	0	0	0	0	0	0	0	0	0	0	0	0	0	0	0
OTU_2554	0	0	0	0	2	0	0	0	0	0	0	0	0	0	0	0	0	0	0	0	0	0	0	0	0	0	0	0	0	0	0	0	0	0	0	1	0	0	0	0
OTU_1487	0	0	2	1	0	0	0	0	0	0	0	0	0	0	0	0	0	1	2	0	0	0	0	0	0	0	0	0	0	0	0	0	0	0	0	0	0	0	0	0
OTU_2411	0	0	0	0	1	0	0	0	0	0	0	0	0	0	0	0	0	0	0	0	0	0	0	0	0	0	0	0	0	0	0	0	0	0	0	0	0	0	0	0
OTU_1684	0	0	0	0	0	0	0	0	0	0	0	0	0	0	0	0	1	0	1	0	0	0	0	0	0	0	1	0	0	0	0	0	0	0	0	0	5	0	0	0
OTU_2441	0	0	0	1	3	0	0	0	0	0	0	0	0	0	0	0	0	1	0	0	0	0	0	0	0	0	0	0	0	0	0	0	0	0	0	0	0	0	0	0
OTU_2959	0	0	0	0	1	0	0	0	0	0	0	0	0	0	0	0	0	0	0	1	0	0	0	0	0	0	0	0	0	0	0	0	0	0	0	0	0	0	1	0
OTU_2942	0	1	0	0	1	0	0	0	0	0	0	0	0	0	0	0	0	1	0	0	0	0	0	0	0	0	0	0	0	0	0	0	0	0	0	0	0	0	0	0
OTU_2746	0	1	0	0	0	0	0	0	0	0	0	0	0	0	0	0	0	2	0	0	0	0	0	0	0	0	0	0	0	0	0	0	0	0	0	0	0	0	0	0
OTU_1004	0	0	0	0	0	0	0	0	0	0	0	0	0	0	0	0	0	0	0	0	0	0	0	0	0	5	0	0	0	0	1	0	1	7	10	0	0	0	0	3
OTU_499	0	0	20	0	0	0	0	0	0	0	0	0	0	0	0	0	0	20	0	0	0	0	0	0	0	0	0	0	0	0	0	0	0	0	0	0	0	0	0	0
OTU_206	0	0	22	0	0	0	0	0	0	0	0	0	0	0	0	0	0	32	0	0	0	0	0	0	0	0	0	0	0	93	0	0	0	0	0	23	1	0	3	74
OTU_449	0	0	23	0	0	0	0	0	0	0	0	0	0	0	0	0	0	28	0	0	0	0	0	0	0	0	0	0	0	0	0	0	0	0	0	0	0	0	0	0
OTU_1808	0	0	2	0	1	0	0	0	0	0	0	0	0	0	0	0	0	0	0	2	0	0	0	0	0	0	0	0	0	0	0	0	0	7	2	0	0	0	1	0
OTU_529	0	0	16	0	0	0	0	0	0	0	0	0	0	0	0	0	0	20	0	0	0	0	0	0	0	0	0	0	0	0	0	0	0	0	0	0	0	0	0	0
OTU_599	0	0	8	0	0	0	0	0	0	0	0	0	0	0	0	0	0	14	0	0	0	0	0	0	0	0	0	0	0	0	0	0	0	0	0	0	0	0	0	0
OTU_2090	0	0	4	0	0	0	0	0	0	0	0	0	1	0	0	0	0	0	0	0	0	0	0	0	0	0	0	0	0	0	0	0	0	0	0	0	0	0	0	0
OTU_2192	0	0	3	0	0	0	0	0	1	0	0	0	0	0	0	0	0	3	0	0	0	0	0	0	0	0	8	0	0	0	0	0	0	0	0	0	0	0	0	0
OTU_496	0	0	20	0	0	0	0	0	0	0	0	0	0	0	0	0	0	24	0	0	0	0	0	0	0	0	0	0	0	0	0	0	0	0	0	0	0	0	0	0
OTU_1286	0	0	4	0	0	0	0	0	0	0	0	0	0	0	0	0	0	9	0	0	0	0	0	0	0	0	0	0	0	0	0	0	0	0	0	0	0	0	0	0
OTU_1126	0	0	0	0	0	0	0	0	0	1	1	0	0	0	0	0	0	1	0	0	0	0	0	1	0	2	3	0	1	0	0	0	2	0	0	0	1	0	1	0
OTU_1424	0	0	6	0	2	0	0	0	0	0	0	0	0	0	0	0	0	4	0	3	0	0	0	0	0	0	0	0	0	0	0	0	0	0	0	0	0	0	0	0
OTU_2099	0	0	2	0	0	0	0	0	0	0	0	0	0	0	0	0	0	2	0	0	0	0	0	0	0	0	0	0	0	0	0	0	0	0	0	0	0	0	0	0
OTU_1287	0	0	1	1	3	0	0	0	0	0	0	0	0	0	0	0	1	8	1	2	0	0	0	0	0	0	0	0	0	0	0	0	0	0	0	0	0	0	0	0
OTU_1868	0	0	1	0	0	0	1	0	0	0	0	0	0	0	0	0	0	0	0	1	0	0	0	0	0	0	0	0	0	0	0	0	0	0	0	0	0	0	0	0
OTU_1597	0	0	0	0	2	0	0	0	0	0	0	0	0	0	0	0	0	5	0	0	0	0	0	0	0	0	0	0	0	0	0	0	0	0	0	0	0	0	0	0
OTU_420	0	0	2	0	31	0	0	0	0	0	0	0	0	0	0	0	0	1	0	28	0	0	0	0	0	0	0	0	0	0	1	1	0	0	0	0	0	0	0	0
OTU_2571	0	0	0	0	0	0	0	0	0	0	0	0	0	0	2	0	0	1	0	0	0	0	0	0	0	0	0	0	0	0	0	0	2	0	0	1	0	0	1	0
OTU_1600	0	0	1	0	0	0	0	0	0	0	0	0	0	0	0	0	0	0	0	1	0	0	0	0	0	0	0	0	3	0	0	0	0	0	0	0	0	0	2	0
OTU_648	0	0	0	0	0	0	0	0	0	0	0	0	0	0	1	0	0	0	0	0	1	0	0	1	0	1	0	0	26	0	1	0	10	0	0	0	0	0	25	0
OTU_2438	0	0	0	0	2	0	0	0	0	0	0	0	0	0	0	0	0	1	1	1	0	0	0	0	0	0	0	0	0	0	0	0	0	0	0	0	0	0	0	0
OTU_2091	0	0	4	0	0	0	0	0	0	0	0	0	0	0	0	0	0	0	0	0	0	0	0	0	0	0	0	0	0	0	0	0	0	0	0	0	0	0	0	0
OTU_1522	0	0	2	0	0	0	0	0	0	0	0	0	0	0	0	0	0	2	1	3	0	0	0	0	0	2	0	0	0	0	0	0	0	0	0	2	0	0	0	0
OTU_96	0	0	0	7	253	13	0	0	6	9	0	0	0	15	1	0	0	0	11	253	0	15	2	0	3	0	0	182	0	0	0	134	160	0	0	0	0	151	0	0
OTU_2179	0	0	1	0	0	0	0	0	0	0	0	0	0	0	0	0	1	0	0	0	0	0	0	0	0	0	0	0	0	0	0	0	0	0	0	0	1	0	0	0
OTU_2969	0	0	1	0	0	0	0	0	0	0	0	0	0	0	0	0	1	0	0	0	0	0	0	0	0	0	0	0	0	0	0	0	0	0	0	0	0	0	0	0
OTU_2280	0	0	1	2	0	0	0	0	0	0	0	0	0	0	0	0	0	1	1	0	0	0	0	0	0	0	0	0	0	0	0	0	0	0	0	0	0	0	0	0
OTU_2973	0	0	2	0	0	0	0	0	0	0	0	0	0	0	0	0	0	1	0	1	0	0	0	0	0	0	0	0	0	0	0	0	0	0	0	0	0	0	0	0
OTU_1801	0	0	1	0	0	0	0	0	0	0	0	0	0	0	0	0	0	1	2	0	0	0	1	0	0	0	0	0	0	0	0	0	0	0	0	0	0	0	0	0
OTU_2558	0	0	1	0	2	0	0	0	0	0	0	0	0	0	0	0	0	0	0	1	0	0	0	0	0	0	2	0	0	0	0	0	0	0	0	0	0	0	0	0
OTU_1804	0	0	1	0	1	0	0	0	0	0	0	0	0	0	0	0	0	2	0	0	0	0	0	0	0	0	0	0	0	0	0	0	0	0	0	0	0	0	0	0
OTU_316	0	0	1	0	0	0	0	0	0	0	0	2	0	0	0	0	0	2	0	0	0	0	0	1	0	4	2	35	0	0	7	1	40	0	0	0	1	24	1	0
OTU_2014	0	0	1	0	0	0	0	0	0	0	0	0	0	0	0	0	0	2	0	1	0	0	0	0	0	0	0	0	0	0	0	0	0	0	0	0	0	0	0	0
OTU_2100	0	0	3	0	0	0	0	0	0	0	0	0	0	0	0	0	0	0	0	1	0	0	0	0	0	2	0	0	0	0	0	0	0	0	0	0	0	0	0	0
OTU_1938	0	0	1	0	0	0	0	0	0	0	0	0	0	0	0	0	0	3	0	0	0	0	0	0	0	0	0	0	0	0	0	0	0	0	0	0	0	0	0	0
OTU_1863	0	0	0	0	0	0	0	0	0	0	0	0	0	0	0	1	0	2	0	1	0	0	0	0	0	0	0	0	0	0	0	0	0	0	0	0	0	0	0	0
OTU_2888	0	0	2	0	0	0	0	0	0	0	0	0	0	0	0	0	0	0	0	0	0	0	0	0	0	0	0	2	0	0	0	0	0	0	0	0	0	0	0	0
OTU_1939	0	0	0	0	0	0	0	0	0	0	0	0	0	0	0	0	0	0	0	0	0	0	0	0	0	0	0	0	1	0	0	0	1	0	0	0	0	0	1	0
OTU_2184	0	0	0	0	0	0	0	0	0	0	0	0	0	0	0	0	0	1	0	0	0	0	0	0	0	0	0	0	0	0	0	0	0	0	0	0	0	0	0	0
OTU_1158	0	0	3	2	0	0	0	0	0	0	0	0	0	1	0	1	0	1	0	1	0	0	0	0	0	0	0	0	0	0	0	0	0	0	0	0	0	0	0	0
OTU_2977	0	0	0	1	0	0	0	0	0	0	0	0	0	0	0	0	0	0	0	0	0	0	0	0	0	0	0	0	0	0	0	0	0	0	0	0	0	0	0	0
OTU_2791	0	0	1	1	0	0	0	0	0	0	0	0	0	0	0	1	0	0	0	0	0	0	0	0	0	0	0	0	0	0	0	0	0	0	0	0	0	1	0	0
OTU_1421	0	0	0	2	0	0	0	0	0	0	0	0	0	0	0	0	0	1	0	0	0	0	0	0	0	0	0	0	0	0	0	0	0	0	1	0	0	0	0	0
OTU_1598	0	0	1	1	0	0	0	0	0	0	0	0	0	0	0	0	0	2	1	0	0	0	0	0	0	0	0	0	0	0	0	0	0	0	0	0	0	0	0	0
OTU_2979	0	0	1	0	0	0	0	0	0	0	0	0	0	0	0	0	0	3	0	0	0	0	0	0	0	0	0	0	0	0	0	0	0	0	0	0	0	0	0	0
OTU_1748	0	0	0	0	0	0	0	0	0	0	0	0	0	0	0	0	0	0	0	0	0	0	0	0	0	0	0	0	2	0	1	0	1	0	0	0	0	0	0	0
OTU_1865	0	0	1	1	0	0	0	0	0	0	0	0	0	0	0	0	0	2	1	0	0	0	0	0	0	0	3	0	0	0	0	0	0	0	0	0	0	0	0	0
OTU_2763	0	0	0	0	1	0	0	0	0	0	0	0	0	0	0	1	0	0	0	0	1	0	0	0	0	0	0	0	0	0	0	0	0	0	0	0	0	0	0	0
OTU_3004	0	0	0	2	0	0	0	0	0	0	0	0	0	0	0	0	0	0	2	0	0	0	0	0	0	0	0	0	0	0	0	0	0	0	0	0	0	0	0	0
OTU_2563	0	0	1	0	0	0	0	0	0	0	0	0	0	0	0	0	0	0	0	0	0	0	0	0	0	0	0	0	0	0	0	0	0	0	0	0	0	0	0	0
OTU_1866	0	0	0	0	3	0	0	0	0	0	0	0	0	0	0	0	0	1	0	0	0	0	0	0	0	0	0	0	0	0	0	0	0	0	0	0	0	0	0	0
OTU_2565	0	0	2	0	1	0	0	0	0	0	0	0	0	0	0	0	1	0	0	0	0	0	0	0	0	0	0	0	0	0	0	0	0	0	0	0	0	0	0	0
OTU_2985	0	0	0	1	0	0	0	0	0	0	0	0	0	0	0	0	0	1	0	0	0	0	0	0	0	0	0	0	0	0	0	0	0	0	0	0	0	0	0	0
OTU_1159	0	0	0	0	0	0	0	0	0	0	0	0	0	0	0	0	0	0	0	0	0	0	0	0	0	2	0	0	2	1	0	0	2	1	0	1	1	0	3	1
OTU_2774	0	0	1	0	1	0	0	0	0	0	0	0	0	0	0	0	0	2	0	0	0	0	0	0	0	0	0	0	0	0	0	0	0	0	0	0	0	0	0	0
OTU_965	0	0	0	2	0	0	0	0	0	0	0	0	0	0	0	0	0	0	2	0	0	0	0	0	0	7	0	0	0	0	1	0	0	0	0	0	0	0	0	3
OTU_2293	0	0	0	0	0	0	0	0	0	0	0	0	0	0	0	0	0	0	0	0	0	0	0	0	0	0	0	0	0	0	0	0	0	0	0	1	0	0	0	0
OTU_2768	0	0	0	1	1	0	0	0	0	0	0	0	0	0	0	0	0	0	1	0	0	0	0	0	0	0	0	0	0	0	0	0	0	0	0	0	0	0	0	0
OTU_2991	0	0	0	1	0	0	0	0	0	0	0	0	0	0	0	0	0	0	0	0	0	0	0	0	0	0	0	0	0	0	0	0	0	0	0	0	0	0	0	0
OTU_2772	0	0	0	0	0	0	0	0	0	0	0	0	0	0	0	0	0	1	0	1	0	0	0	0	0	0	0	0	0	0	0	0	0	0	0	0	0	0	0	0
OTU_1645	0	0	0	0	0	0	0	0	0	0	0	0	0	0	0	0	0	0	0	0	0	0	0	0	0	0	0	0	4	0	0	0	0	0	0	0	1	0	4	1
OTU_2994	0	0	0	1	1	0	0	0	0	0	0	0	0	0	0	0	0	0	0	0	0	0	0	0	0	0	0	0	0	0	0	0	0	0	0	0	0	0	0	0
OTU_465	0	0	1	0	0	70	0	0	0	0	0	0	0	0	0	0	0	1	0	0	0	0	0	0	0	0	1	0	0	0	1	31	15	0	0	0	0	0	0	0
OTU_1349	0	0	0	0	0	0	0	0	0	0	0	0	0	0	0	0	0	0	0	0	0	0	0	0	1	3	3	0	3	0	4	0	0	0	0	0	0	0	4	0
OTU_2198	0	0	0	0	0	0	0	0	0	0	0	0	0	0	0	0	0	0	0	1	0	0	0	0	0	0	0	0	0	0	0	0	0	0	0	0	0	0	0	0
OTU_2782	0	0	0	0	1	0	0	0	0	0	0	0	0	0	0	0	1	1	1	1	0	0	0	0	0	0	0	0	0	0	0	0	0	0	0	0	0	0	0	0
OTU_2412	0	0	0	0	0	0	0	0	0	0	0	0	0	0	0	0	0	0	4	0	0	0	0	0	0	1	0	0	0	0	0	0	0	0	0	0	0	0	0	0
OTU_2961	0	0	0	0	0	0	0	0	0	0	0	0	0	0	0	0	0	0	0	1	0	0	0	0	0	0	0	0	0	0	0	0	0	0	0	0	0	0	0	0
OTU_2747	0	0	0	0	0	0	0	0	0	0	0	0	0	0	0	0	0	2	0	2	0	0	0	0	0	0	0	0	0	0	0	0	0	0	0	0	0	0	0	0
OTU_520	0	0	0	13	1	0	2	0	0	0	0	0	0	0	0	0	0	0	16	1	0	0	0	0	0	0	0	0	0	0	0	0	0	0	0	0	0	2	0	0
OTU_346	0	0	0	30	0	0	0	0	0	0	0	0	0	0	0	0	0	0	29	0	0	0	0	0	0	0	0	0	0	0	0	0	0	0	0	0	0	0	0	0
OTU_533	0	0	0	34	0	0	0	0	0	0	0	0	0	0	0	0	0	0	38	0	0	0	0	0	0	0	0	0	0	0	0	0	0	0	0	0	0	0	0	0
OTU_1094	0	0	0	4	0	0	0	0	0	0	0	0	0	0	0	0	0	0	6	0	0	0	0	0	0	0	0	0	0	0	0	0	0	0	0	0	0	0	0	0
OTU_657	0	0	0	2	0	3	0	0	0	0	0	0	0	0	0	0	1	0	1	0	0	0	0	0	0	2	1	0	7	0	4	2	6	0	0	0	4	0	7	0
OTU_1039	0	0	0	2	0	0	0	0	0	0	0	0	4	0	0	0	0	0	1	0	0	0	0	6	0	0	1	0	0	0	0	0	0	0	0	0	1	0	0	0
OTU_1373	0	0	0	7	0	1	0	0	0	0	0	0	0	0	0	0	0	0	6	0	0	0	0	0	0	0	0	0	0	0	0	0	0	1	0	0	0	0	0	0
OTU_929	0	0	0	7	0	0	0	0	0	0	0	0	0	0	0	0	0	0	14	0	0	0	0	0	0	0	0	0	0	0	0	0	0	0	0	0	0	0	0	0
OTU_2578	0	0	0	0	0	0	0	0	0	0	0	0	0	0	0	0	0	0	2	1	0	0	0	0	0	0	0	0	0	0	0	0	0	0	0	0	0	0	0	0
OTU_2579	0	0	0	0	0	0	0	0	0	0	0	0	0	0	0	0	0	0	2	0	0	0	0	0	0	0	0	0	0	0	0	0	0	0	0	0	0	0	0	0
OTU_2017	0	0	0	1	0	0	3	0	0	0	0	0	0	0	0	0	0	0	1	0	0	0	0	1	0	0	0	0	0	0	0	0	0	0	0	0	0	0	0	0
OTU_1266	0	0	0	4	2	0	0	0	0	0	0	0	0	0	0	0	0	0	2	0	0	0	0	0	0	0	0	0	1	0	0	0	0	0	0	0	0	0	0	0
OTU_2893	0	0	0	1	0	0	0	0	0	0	0	0	0	0	0	0	0	0	0	0	0	0	0	0	0	1	0	0	0	0	0	0	2	1	0	0	1	0	3	0
OTU_1239	0	0	0	3	0	0	0	0	1	0	0	1	0	0	0	0	0	0	6	0	0	0	0	0	0	0	0	0	0	0	0	0	0	0	0	0	0	0	0	0
OTU_1139	0	0	0	2	0	0	0	0	0	0	0	0	0	0	0	0	0	0	6	1	0	0	0	0	0	0	0	0	0	0	0	0	0	0	0	0	0	0	0	0
OTU_3016	0	0	0	3	0	0	0	0	0	0	0	0	0	0	0	0	0	0	0	0	0	0	0	0	0	0	0	0	0	0	0	0	0	0	0	0	0	0	0	0
OTU_220	0	0	0	2	0	0	10	0	0	0	0	0	105	0	0	0	0	0	12	0	3	0	0	91	0	0	0	6	0	0	0	27	2	0	0	0	0	4	0	0
OTU_3002	0	0	0	1	1	0	0	0	0	0	0	0	0	0	0	0	1	0	1	0	0	0	0	0	0	0	0	0	0	0	0	0	0	0	0	0	0	0	0	0
OTU_1371	0	0	0	2	0	0	0	0	0	0	0	0	0	0	0	0	0	0	1	4	0	0	0	0	0	0	0	0	0	0	0	0	0	0	0	0	0	0	0	0
OTU_2437	0	0	0	2	0	0	0	0	0	0	0	0	0	0	0	0	0	0	1	0	0	0	0	0	0	0	0	0	0	0	0	0	0	0	0	0	0	0	0	0
OTU_1754	0	0	0	0	3	0	0	0	0	0	0	0	0	0	0	0	0	0	0	2	0	0	0	0	0	0	0	0	0	0	0	0	1	0	0	0	0	0	0	0
OTU_998	0	0	0	0	0	0	0	0	0	0	0	0	0	0	0	0	0	0	0	0	0	0	0	0	0	0	0	0	11	0	0	0	2	0	0	0	0	0	2	0
OTU_2016	0	0	0	1	0	0	0	0	0	0	0	0	0	0	0	0	0	0	2	0	0	0	0	0	0	0	0	0	0	0	0	0	0	0	0	0	0	0	0	2
OTU_1374	0	0	0	2	6	0	0	0	0	0	0	0	0	0	0	0	0	0	0	0	0	0	0	0	0	0	0	0	0	0	0	0	0	0	0	0	0	0	0	0
OTU_2788	0	0	0	1	0	0	0	0	0	0	0	0	0	0	0	0	0	0	1	0	0	0	0	0	0	0	0	0	0	0	0	0	0	0	0	0	0	0	0	0
OTU_1753	0	0	0	1	0	0	0	0	0	0	0	0	0	0	0	0	0	0	0	0	0	0	0	0	0	0	2	0	3	0	0	0	0	0	0	0	0	0	0	0
OTU_3006	0	0	0	1	0	0	0	0	0	0	0	0	0	0	0	0	0	0	0	0	0	0	0	0	0	0	0	0	0	0	0	0	0	0	0	0	0	0	0	0
OTU_3013	0	0	0	1	0	0	0	0	0	0	0	0	0	0	0	0	0	0	1	0	1	0	0	0	0	0	0	0	0	0	0	0	0	0	0	0	0	0	0	0
OTU_279	0	0	0	0	62	1	8	0	1	0	0	0	0	0	8	0	0	0	0	58	12	0	1	0	4	0	0	0	0	0	0	0	0	0	0	0	0	0	0	0
OTU_3008	0	0	0	0	0	0	0	1	0	2	0	0	0	0	0	0	0	0	0	0	0	0	0	0	0	0	0	0	0	0	0	0	0	0	0	0	0	0	1	0
OTU_2197	0	0	0	0	0	0	0	0	0	0	0	0	0	0	0	0	0	0	0	2	0	0	0	0	0	0	0	0	0	0	0	0	0	0	0	0	0	0	0	0
OTU_3012	0	0	0	0	2	0	0	0	0	0	0	0	0	0	0	0	0	0	0	0	0	0	0	0	0	0	0	0	0	0	0	0	0	0	0	0	0	0	0	0
OTU_610	0	0	0	0	0	0	0	0	0	0	0	0	0	0	0	0	0	0	0	0	0	0	0	0	0	2	1	0	13	5	0	0	3	0	0	1	0	2	13	7
OTU_111	0	0	0	1	2	0	0	0	0	0	0	0	0	0	0	0	0	0	0	0	2	0	0	0	0	107	0	325	0	0	98	56	177	18	91	0	0	321	0	0
OTU_1953	0	0	0	0	0	0	3	0	0	0	1	0	0	0	0	0	0	1	0	0	0	0	0	0	0	0	0	1	0	0	1	0	0	0	1	0	0	1	0	1
OTU_2573	0	0	0	0	0	0	0	0	0	0	0	0	0	0	0	0	0	0	0	3	0	0	0	0	0	0	0	0	0	0	0	0	0	0	0	0	0	0	0	0
OTU_3023	0	0	0	0	0	0	0	0	0	0	0	0	0	0	0	0	0	0	0	0	0	0	0	0	0	0	2	0	0	0	1	0	1	0	0	0	1	0	0	0
OTU_3019	0	0	0	0	2	0	0	0	0	0	0	0	0	0	0	0	0	0	0	0	0	0	0	0	0	0	0	0	0	0	0	0	0	0	0	0	0	0	0	0
OTU_118	0	0	0	0	1	0	0	0	0	0	0	0	4	13	0	0	0	0	0	0	0	0	0	4	0	11	33	0	326	32	26	12	91	50	220	34	69	0	311	30
OTU_2794	0	0	0	0	0	0	0	0	0	0	0	0	0	0	0	0	0	0	0	2	0	0	0	0	0	0	0	0	0	0	0	0	0	0	0	0	0	0	0	0
OTU_1394	0	0	0	0	0	0	0	0	0	0	0	0	0	0	0	0	0	0	0	1	0	0	0	0	0	0	0	0	0	0	0	0	1	0	0	0	1	0	5	0
OTU_2201	0	0	0	0	1	0	0	0	0	0	0	0	0	0	0	0	0	0	0	2	0	0	0	0	0	0	0	0	0	0	0	0	0	0	0	0	0	2	0	0
OTU_397	0	0	0	0	0	0	0	0	0	0	0	0	0	0	0	0	0	0	0	1	0	0	0	0	0	5	6	0	0	0	5	1	122	0	0	0	0	0	8	0
OTU_2796	0	0	0	0	1	0	0	0	0	0	0	0	0	0	0	0	0	0	0	0	0	0	0	0	0	0	0	0	0	0	0	0	1	0	0	2	3	0	1	0
OTU_2202	0	0	0	0	2	0	0	0	0	0	0	0	0	0	0	0	0	0	0	2	0	0	0	0	0	0	0	0	0	0	0	0	0	0	0	0	0	0	0	0
OTU_2446	0	0	0	0	0	0	0	0	0	0	0	0	0	0	0	0	0	1	0	0	0	0	0	0	0	0	0	0	0	0	0	0	0	0	0	0	0	0	0	0
OTU_2205	0	0	0	0	1	1	3	0	2	0	0	0	0	0	0	0	0	0	0	0	1	0	0	0	0	0	0	0	0	0	0	0	0	1	0	0	0	0	0	0
OTU_1876	0	0	0	0	0	0	0	0	0	1	0	0	0	0	0	0	0	1	1	0	0	0	0	0	0	1	0	0	1	0	0	7	0	0	0	0	0	0	0	0
OTU_3035	0	0	0	0	0	0	0	0	0	0	0	0	0	0	0	0	1	0	0	1	0	0	0	0	0	0	0	0	0	1	0	0	0	0	0	0	0	0	0	0
OTU_3098	0	0	0	0	0	0	0	0	0	0	0	0	0	0	0	1	0	0	0	0	0	0	0	0	0	1	0	0	0	0	0	0	1	0	0	0	0	0	0	0
OTU_1184	0	0	0	0	0	3	5	0	2	1	2	1	1	2	1	0	0	0	0	0	3	1	2	0	2	3	6	2	1	10	2	5	2	8	1	1	3	2	0	3
OTU_2338	0	0	0	0	0	0	0	0	0	1	0	0	0	0	0	0	0	0	0	0	1	0	2	0	0	1	2	1	0	0	0	3	0	0	1	0	0	0	0	0
OTU_1969	0	0	0	0	0	0	0	2	1	0	0	0	0	0	0	0	0	0	0	0	0	1	2	0	0	0	0	0	3	0	0	0	0	0	0	0	0	0	0	0
OTU_773	0	0	0	0	0	0	4	0	3	0	2	0	0	0	1	0	0	0	0	0	0	1	1	0	1	0	2	0	0	2	0	0	0	3	2	2	0	1	0	1
OTU_1033	0	0	0	0	0	0	4	0	0	0	0	1	0	1	1	0	0	0	0	0	1	0	3	0	0	0	0	3	0	1	0	0	1	1	0	2	1	1	0	0
OTU_1532	0	0	0	0	0	5	0	0	0	2	0	0	0	0	0	0	0	0	0	0	0	0	0	0	0	0	0	0	0	0	0	0	0	0	0	0	0	0	0	0
OTU_1654	0	0	0	0	0	0	0	0	0	0	0	0	0	0	0	0	0	0	0	0	1	0	0	0	0	2	0	0	0	0	1	0	0	1	0	0	0	0	0	0
OTU_2112	0	0	0	0	0	0	0	0	0	0	0	0	0	0	0	0	0	0	0	0	1	0	0	0	0	1	3	0	0	0	0	0	0	1	1	1	1	0	0	0
OTU_275	0	0	0	0	0	1	0	8	8	1	0	3	43	46	1	1	0	0	0	0	1	0	0	52	1	1	0	0	0	0	0	0	0	0	0	0	0	0	0	0
OTU_543	0	0	0	0	0	3	11	0	2	1	2	1	0	1	1	0	0	0	0	0	11	1	1	0	1	5	7	4	1	6	0	5	0	8	4	6	6	5	0	2
OTU_2214	0	0	0	0	0	0	0	3	0	0	0	0	0	0	0	0	0	0	0	0	0	0	0	0	0	0	0	0	0	0	0	0	0	0	0	0	0	0	0	0
OTU_1096	0	0	0	0	0	8	0	0	1	0	0	0	0	0	0	0	0	0	0	0	0	0	0	0	0	0	0	0	0	6	0	0	0	0	0	2	0	0	0	21
OTU_595	0	0	0	0	0	0	18	0	0	1	2	2	0	0	0	0	0	0	0	0	14	1	8	0	2	3	23	3	4	12	1	13	1	16	5	5	7	5	1	8
OTU_904	0	0	0	0	0	0	9	0	0	0	0	0	0	0	1	0	0	0	0	0	4	0	0	0	0	0	8	1	0	2	0	6	0	3	3	2	3	2	0	2
OTU_1970	0	0	0	0	0	1	0	0	0	0	0	0	0	0	0	0	0	0	0	0	0	0	0	0	0	0	1	1	0	0	0	1	0	0	1	0	0	0	0	1
OTU_1222	0	0	0	0	0	0	1	0	1	1	0	2	1	0	0	0	0	0	0	0	1	0	3	1	0	1	2	1	1	1	0	5	3	2	2	4	2	1	0	1
OTU_2827	0	0	0	0	0	0	0	0	0	0	0	0	0	0	0	0	0	0	0	0	0	0	0	1	0	0	0	0	0	0	0	2	0	0	0	0	0	0	0	0
OTU_513	0	0	0	0	0	3	23	0	5	2	8	1	0	0	2	0	0	0	0	0	26	3	7	0	7	8	13	15	3	6	8	19	3	19	13	9	22	10	0	8
OTU_222	0	0	0	0	0	1	27	1	5	2	5	6	2	4	5	0	0	0	0	0	17	2	15	2	7	13	25	15	13	32	10	16	11	28	17	16	14	8	5	12
OTU_2053	0	0	0	0	0	0	1	1	0	0	3	0	0	0	0	0	0	0	0	0	6	0	1	0	1	1	1	2	0	2	0	3	0	1	0	3	0	1	0	3
OTU_1107	0	0	0	0	0	0	13	0	1	1	3	1	1	1	2	0	0	0	0	0	15	0	0	3	1	1	12	4	1	5	2	9	2	4	6	4	10	3	0	4
OTU_717	0	0	0	0	0	0	6	0	3	1	5	0	1	2	0	0	0	0	0	0	7	1	8	0	1	4	9	7	1	8	3	9	0	7	2	1	6	1	0	1
OTU_1379	0	0	0	0	0	1	4	0	0	0	0	1	0	0	0	0	0	0	0	0	2	0	0	0	1	0	1	0	0	0	1	2	0	0	1	0	1	0	0	2
OTU_1182	0	0	0	0	0	0	6	1	0	1	2	1	0	0	0	0	0	0	0	0	5	1	1	0	2	1	2	4	1	3	0	2	1	2	2	0	1	2	0	3
OTU_885	0	0	0	0	0	0	3	0	2	0	0	3	0	1	1	0	0	0	0	0	2	0	3	2	2	0	2	3	0	5	0	2	3	8	2	6	2	2	2	3
OTU_2324	0	0	0	0	0	1	5	0	0	0	5	0	0	0	0	0	0	0	0	0	5	0	0	0	0	0	2	3	0	3	0	7	1	1	0	0	3	2	0	4
OTU_1963	0	0	0	0	0	0	5	0	0	0	0	0	1	0	0	0	0	0	0	0	3	0	0	0	0	0	1	1	0	0	2	0	0	1	0	0	3	0	1	1
OTU_1884	0	0	0	0	0	1	1	1	0	0	1	0	0	0	0	0	0	0	0	0	1	0	3	0	0	0	4	0	1	0	0	4	0	1	0	1	1	0	0	0
OTU_2821	0	0	0	0	0	0	0	0	0	0	1	0	1	0	0	0	0	0	0	0	0	0	1	0	0	0	0	0	0	0	0	0	0	0	0	0	0	0	0	0
OTU_836	0	0	0	0	0	1	4	1	0	0	2	0	0	0	1	0	0	0	0	0	9	0	1	0	0	1	5	3	0	4	4	11	1	2	1	3	3	0	0	3
OTU_1397	0	0	0	0	0	1	2	0	0	0	1	0	0	0	0	0	0	0	0	0	7	0	2	1	0	1	3	1	0	0	0	1	0	0	0	0	0	0	0	1
OTU_2462	0	0	0	0	0	1	1	0	0	0	1	0	0	0	0	0	0	0	0	0	0	0	0	0	0	0	1	0	0	1	0	1	0	0	0	0	0	0	0	0
OTU_270	0	0	0	0	0	0	0	0	0	0	0	0	0	0	0	0	0	0	0	0	0	0	0	0	0	0	0	0	107	0	0	5	16	0	0	0	0	0	87	0
OTU_636	0	0	0	0	0	0	4	0	1	0	0	2	0	1	0	0	0	0	0	0	3	0	2	0	3	0	6	1	0	3	1	2	0	4	4	3	6	5	0	2
OTU_3067	0	0	0	0	0	0	0	0	0	0	0	0	1	0	0	0	0	0	0	0	0	0	1	0	0	0	0	0	0	0	0	0	1	0	2	0	0	0	0	0
OTU_1566	0	0	0	0	0	0	0	0	0	0	0	0	0	0	0	0	0	0	0	0	0	0	0	0	0	0	0	3	0	0	0	0	3	0	0	0	0	0	0	0
OTU_2614	0	0	0	0	0	0	2	0	0	0	0	0	0	0	0	0	0	0	0	0	2	0	0	0	0	0	0	0	0	0	0	0	0	0	0	1	1	0	1	0
OTU_2215	0	0	0	0	0	0	4	0	1	0	1	0	1	0	0	0	0	0	0	0	4	0	1	0	0	0	6	1	0	4	0	3	0	4	1	1	6	2	0	1
OTU_1762	0	0	0	0	0	0	0	0	0	1	1	0	0	0	0	0	0	0	0	0	1	0	0	0	1	0	1	0	1	0	0	0	0	0	0	0	1	0	0	0
OTU_386	0	0	0	0	0	0	5	0	1	0	3	0	1	0	5	0	0	0	0	0	12	0	6	0	1	3	11	3	4	2	2	12	1	16	5	3	8	3	0	7
OTU_2826	0	0	0	0	0	0	0	0	0	0	0	0	0	0	0	0	0	0	0	0	0	0	0	0	0	0	3	0	0	0	0	0	0	0	0	0	0	0	0	0
OTU_2329	0	0	0	0	0	0	0	0	1	0	0	0	0	0	0	0	0	0	0	0	4	0	0	0	0	1	0	0	0	1	1	1	0	0	0	0	1	0	0	0
OTU_1221	0	0	0	0	0	0	1	0	0	0	1	0	0	0	0	0	0	0	0	0	2	0	0	0	0	0	0	0	0	2	1	2	0	1	1	0	0	1	0	0
OTU_2033	0	0	0	0	0	0	0	0	0	0	0	0	0	0	1	0	0	0	0	0	1	0	0	0	1	0	0	0	0	0	0	1	0	0	0	0	1	0	0	0
OTU_3108	0	0	0	0	0	1	0	0	1	0	1	0	0	0	0	0	0	0	0	0	1	0	0	0	0	0	0	0	0	1	0	1	0	2	1	0	0	1	1	2
OTU_779	0	0	0	0	0	0	2	0	0	2	1	2	1	1	1	0	0	0	0	0	1	0	1	0	1	0	4	3	0	3	0	4	0	3	2	2	1	1	0	2
OTU_1247	0	0	0	0	0	0	0	0	0	0	1	0	2	0	0	0	0	0	0	0	0	0	0	0	0	1	0	4	0	0	1	4	2	0	0	0	0	1	0	0
OTU_3139	0	0	0	0	0	0	4	0	0	1	0	0	0	1	0	0	0	0	0	0	8	0	1	0	1	2	5	3	0	0	1	4	1	2	2	4	2	1	0	3
OTU_3056	0	0	0	0	0	0	0	0	0	0	0	0	0	0	0	0	0	0	0	0	0	0	0	0	0	0	0	0	0	0	0	0	0	0	0	2	1	0	0	0
OTU_2319	0	0	0	0	0	0	1	0	0	0	0	0	0	0	0	0	0	0	0	0	0	1	0	0	0	0	1	0	0	0	0	0	0	0	1	1	2	0	1	0
OTU_2799	0	0	0	0	0	0	1	0	0	0	0	0	0	0	0	0	0	0	0	0	0	0	0	0	0	2	0	0	0	0	1	1	0	0	0	1	0	0	0	0
OTU_1648	0	0	0	0	0	0	2	0	0	1	0	0	0	0	0	0	0	0	0	0	0	0	1	0	0	0	0	1	1	0	0	0	0	3	1	1	0	1	0	1
OTU_1396	0	0	0	0	0	0	4	1	0	0	0	0	0	0	0	0	0	0	0	0	3	0	0	0	1	0	0	0	0	3	0	0	0	1	2	0	0	1	0	0
OTU_2103	0	0	0	0	0	0	2	0	0	0	0	0	0	0	0	0	0	0	0	0	0	0	0	0	0	0	0	0	0	0	0	1	0	0	0	0	1	0	1	0
OTU_843	0	0	0	0	0	0	5	0	0	1	0	0	0	0	1	0	0	0	0	0	6	0	3	0	1	3	1	2	0	1	0	1	0	4	2	2	1	1	0	1
OTU_2597	0	0	0	0	0	0	4	0	0	0	1	0	0	0	0	0	0	0	0	0	0	0	0	0	0	0	0	0	0	0	0	0	0	0	0	0	0	0	0	0
OTU_2311	0	0	0	0	0	0	2	0	0	0	0	1	0	0	0	0	0	0	0	0	0	0	1	0	0	0	0	0	0	0	0	0	0	0	0	3	0	0	0	0
OTU_1765	0	0	0	0	0	0	2	0	0	0	1	0	0	0	0	0	0	0	0	0	2	0	1	0	0	0	5	0	0	2	0	0	0	2	1	1	2	1	0	0
OTU_1957	0	0	0	0	0	0	2	0	0	0	1	0	0	0	0	0	0	0	0	0	0	0	0	0	0	0	0	0	0	0	1	0	0	2	0	0	1	0	0	0
OTU_1612	0	0	0	0	0	0	4	0	0	1	0	0	0	0	0	0	0	0	0	0	1	0	1	0	0	0	2	2	0	1	0	2	0	2	0	0	0	0	0	0
OTU_690	0	0	0	0	0	0	7	0	0	0	3	0	0	1	1	0	0	0	0	0	6	0	6	0	0	1	7	1	1	5	0	3	1	4	2	4	4	1	0	0
OTU_2802	0	0	0	0	0	0	2	0	0	0	0	0	0	0	1	0	0	0	0	0	0	0	0	0	0	0	1	1	0	0	0	0	0	2	0	0	0	0	0	1
OTU_1183	0	0	0	0	0	0	2	0	0	0	0	0	0	0	0	0	0	0	0	0	0	0	0	1	0	0	3	0	0	0	0	1	1	2	0	0	1	0	1	0
OTU_1141	0	0	0	0	0	0	3	0	0	0	1	0	0	0	1	0	0	0	0	0	2	1	0	0	2	1	1	0	0	1	0	2	0	3	1	2	0	0	2	2
OTU_1040	0	0	0	0	0	0	3	0	0	1	2	0	0	0	0	0	0	0	0	0	1	0	3	0	1	0	2	0	0	0	0	1	0	1	1	1	3	1	0	0
OTU_1375	0	0	0	0	0	0	1	0	0	0	0	0	0	1	0	0	0	0	0	0	1	0	0	0	0	0	1	1	0	0	1	2	1	1	0	0	2	0	0	0
OTU_2203	0	0	0	0	0	0	2	0	0	0	0	0	0	0	0	0	0	0	0	0	1	0	0	0	0	0	2	0	0	1	0	0	0	0	0	0	1	0	0	0
OTU_673	0	0	0	0	0	0	8	0	0	0	1	1	0	0	0	0	0	0	0	0	5	1	2	0	0	3	4	5	0	1	1	4	3	3	4	1	1	5	1	1
OTU_1954	0	0	0	0	0	0	1	0	0	0	0	0	0	0	1	0	0	0	0	0	3	0	0	0	0	0	0	1	0	1	0	1	0	0	2	0	0	1	0	0
OTU_2204	0	0	0	0	0	0	1	0	0	0	0	0	0	0	0	0	0	0	0	0	0	0	0	0	0	0	1	0	0	0	0	0	0	0	0	1	0	0	0	0
OTU_750	0	0	0	0	0	0	5	1	0	0	5	2	0	0	1	0	0	0	0	0	3	0	3	1	1	0	0	1	1	1	0	4	0	2	0	4	7	1	0	1
OTU_3040	0	0	0	0	0	0	1	0	1	0	0	0	0	0	0	0	0	0	0	0	0	0	0	1	0	0	0	1	0	0	0	0	0	0	0	0	0	0	0	0
OTU_2025	0	0	0	0	0	0	1	0	1	1	0	0	0	0	0	0	0	0	0	0	1	0	1	0	0	0	0	0	0	1	0	1	0	0	0	0	0	0	0	2
OTU_1461	0	0	0	0	0	0	2	0	0	0	0	0	0	0	0	0	0	0	0	0	4	0	0	0	0	1	0	1	0	0	0	0	0	1	0	0	1	0	0	2
OTU_2600	0	0	0	0	0	0	2	0	0	0	0	0	0	0	0	0	0	0	0	0	0	0	0	0	0	0	0	0	0	0	0	0	1	0	0	0	0	0	0	0
OTU_3043	0	0	0	0	0	0	1	0	0	0	0	0	0	0	0	0	0	0	0	0	0	0	0	0	0	0	0	0	0	0	0	0	0	1	0	0	0	0	0	0
OTU_2312	0	0	0	0	0	0	1	0	0	0	0	0	0	0	1	0	0	0	0	0	0	0	0	0	1	0	0	0	0	0	0	0	0	0	0	0	0	1	0	0
OTU_3045	0	0	0	0	0	0	1	0	0	0	0	0	0	0	0	0	0	0	0	0	1	0	1	0	0	0	0	1	0	1	0	1	0	0	0	0	1	1	0	0
OTU_1201	0	0	0	0	0	0	1	0	1	0	0	0	0	0	0	0	0	0	0	0	3	0	1	0	0	0	1	3	0	1	0	0	0	1	1	0	1	0	0	0
OTU_1898	0	0	0	0	0	0	1	0	0	0	1	0	0	0	0	0	0	0	0	0	0	0	0	0	1	0	0	0	0	0	0	1	0	0	0	0	0	2	0	2
OTU_1609	0	0	0	0	0	0	1	0	0	0	0	0	0	0	0	0	0	0	0	0	1	0	0	0	0	1	0	1	1	1	0	1	1	0	0	2	1	1	0	0
OTU_2116	0	0	0	0	0	0	1	0	0	0	0	0	0	0	0	0	0	0	0	0	0	0	0	0	0	1	1	0	0	0	0	0	1	1	0	0	0	0	0	1
OTU_1651	0	0	0	0	0	0	1	0	0	0	1	0	0	0	0	0	0	0	0	0	0	0	1	0	0	1	1	0	0	1	0	1	0	0	3	0	0	0	0	0
OTU_2317	0	0	0	0	0	0	1	0	0	0	1	0	0	0	0	0	0	0	0	0	0	0	0	0	0	0	1	0	0	0	0	1	0	0	0	0	1	0	0	0
OTU_2606	0	0	0	0	0	0	1	0	0	0	0	0	0	0	0	0	0	0	0	0	2	0	2	0	0	0	0	0	0	0	0	0	0	1	0	0	0	0	0	0
OTU_2812	0	0	0	0	0	0	1	0	0	0	0	0	0	0	0	0	0	0	0	0	0	0	0	0	0	0	0	0	0	0	0	1	1	0	0	0	0	0	0	0
OTU_1085	0	0	0	0	0	0	1	0	0	0	2	0	0	1	1	0	0	0	0	0	1	0	2	0	0	0	2	0	0	2	0	0	0	2	0	0	1	0	0	0
OTU_3053	0	0	0	0	0	0	1	0	0	0	0	0	0	0	0	0	0	0	0	0	0	0	1	0	0	0	1	0	0	0	0	0	0	0	0	0	2	0	0	0
OTU_1611	0	0	0	0	0	0	1	0	0	0	0	0	0	0	0	0	0	0	0	0	1	0	0	0	0	0	1	0	0	0	0	1	0	0	0	0	1	0	0	0
OTU_3054	0	0	0	0	0	0	1	0	0	0	0	0	0	0	0	0	0	0	0	0	0	0	0	0	0	1	0	0	0	2	0	0	0	0	0	0	0	0	0	0
OTU_1315	0	0	0	0	0	0	2	0	1	0	0	0	0	0	1	0	0	0	0	0	1	0	0	0	1	0	0	1	0	2	0	5	0	0	1	1	1	0	0	1
OTU_2817	0	0	0	0	0	0	1	0	0	0	0	0	0	0	0	0	0	0	0	0	0	0	1	0	0	0	0	0	0	0	0	0	0	0	0	0	0	0	1	2
OTU_966	0	0	0	0	0	0	1	1	0	0	0	0	0	1	0	0	0	0	0	0	4	1	0	0	0	0	2	1	0	1	0	0	0	2	0	0	2	2	0	0
OTU_1886	0	0	0	0	0	0	1	0	0	0	0	0	0	0	0	0	0	0	0	0	1	1	0	0	1	0	0	1	0	0	1	0	0	2	0	0	0	0	0	0
OTU_877	0	0	0	0	0	0	0	25	0	0	0	1	1	0	0	0	0	0	0	0	0	0	0	0	0	0	0	0	0	0	0	5	0	0	0	0	0	0	0	0
OTU_454	0	0	0	0	0	0	0	62	1	0	0	0	0	0	0	0	0	0	0	0	0	0	0	0	0	0	0	0	0	0	0	0	0	0	0	0	0	0	0	0
OTU_1894	0	0	0	0	0	0	0	1	0	0	0	0	1	0	0	0	0	0	0	0	0	0	0	1	0	0	0	0	0	0	0	0	0	0	0	0	0	0	0	0
OTU_1815	0	0	0	0	0	0	0	1	0	0	0	0	0	0	0	0	0	0	0	0	0	0	0	1	0	0	1	0	0	1	1	1	1	0	0	1	2	1	0	0
OTU_1187	0	0	0	0	0	0	0	6	2	0	0	0	0	0	0	0	0	0	0	0	0	0	0	0	0	0	0	0	0	0	0	0	0	0	0	0	0	0	0	0
OTU_1659	0	0	0	0	0	0	0	0	0	1	0	0	0	1	0	0	0	0	0	0	0	0	2	0	0	0	0	0	0	0	0	0	0	0	0	0	0	0	0	0
OTU_2334	0	0	0	0	0	0	0	0	0	0	0	0	0	0	0	0	0	0	0	0	0	0	0	0	0	0	0	0	0	0	2	1	1	0	0	0	0	0	0	0
OTU_979	0	0	0	0	0	0	0	1	0	0	0	0	1	1	0	0	0	0	0	0	0	0	0	0	0	1	0	5	0	0	2	0	1	0	0	0	0	2	0	0
OTU_2831	0	0	0	0	0	0	0	1	1	0	0	0	0	0	0	0	0	0	0	0	0	0	0	0	0	0	0	1	1	0	0	0	0	1	1	0	0	0	1	0
OTU_317	0	0	0	0	0	0	0	0	8	0	0	0	0	0	0	0	0	0	0	0	0	0	0	0	0	0	1	0	0	88	0	0	0	0	4	0	0	0	0	71
OTU_1976	0	0	0	0	0	0	0	0	0	0	0	0	0	1	1	0	0	0	0	0	1	0	0	0	0	2	0	0	0	0	0	0	0	0	0	0	0	1	0	0
OTU_2467	0	0	0	0	0	0	0	0	0	0	0	0	0	0	0	0	0	0	0	0	0	0	0	0	0	1	0	0	0	0	1	2	0	0	0	0	0	0	0	0
OTU_2220	0	0	0	0	0	0	0	0	4	0	0	0	0	0	1	0	0	0	0	0	0	0	0	0	1	0	0	0	0	0	0	0	0	0	0	0	0	0	0	0
OTU_990	0	0	0	0	0	0	0	0	1	0	0	1	0	0	0	1	0	0	0	0	0	0	0	0	0	1	0	0	9	0	0	0	1	0	0	0	0	0	11	0
OTU_1293	0	0	0	0	0	0	0	0	0	0	1	0	0	0	0	0	0	0	0	0	0	0	0	0	1	0	1	2	0	1	0	3	0	1	1	0	1	0	0	1
OTU_1974	0	0	0	0	0	0	0	0	1	0	0	0	0	1	0	0	0	0	0	0	0	0	0	0	0	0	0	0	0	0	0	0	2	0	0	0	0	0	0	0
OTU_2846	0	0	0	0	0	0	0	0	1	0	0	0	0	0	1	0	0	0	0	0	1	0	1	0	0	0	2	0	0	0	1	0	0	0	0	0	0	1	0	0
OTU_1975	0	0	0	0	0	0	0	0	1	0	0	0	0	0	0	0	0	0	0	0	1	0	2	0	1	0	1	0	0	0	1	0	0	2	0	1	0	0	0	0
OTU_2633	0	0	0	0	0	0	0	0	0	0	0	1	0	0	0	0	0	0	0	0	0	0	1	0	0	0	0	1	0	0	1	0	0	1	0	0	0	0	0	0
OTU_2219	0	0	0	0	0	0	0	0	0	0	0	0	0	0	0	0	0	0	0	0	0	0	0	0	0	0	1	0	0	0	0	0	0	0	0	0	0	0	0	0
OTU_2047	0	0	0	0	0	0	0	0	0	1	0	0	0	0	0	0	0	0	0	0	0	1	0	0	1	0	0	0	0	2	0	0	0	0	0	0	1	0	0	0
OTU_2357	0	0	0	0	0	0	0	0	0	1	0	0	0	0	0	0	0	0	0	0	0	0	0	0	0	1	0	0	2	0	0	0	0	0	0	0	0	0	1	0
OTU_1615	0	0	0	0	0	0	0	0	0	1	1	0	0	0	0	0	0	0	0	0	1	0	0	0	0	1	1	1	0	0	0	0	1	1	0	2	0	0	0	1
OTU_2854	0	0	0	0	0	0	0	0	0	0	0	0	0	1	0	0	0	0	0	0	1	1	0	0	0	0	0	0	0	0	1	0	0	0	0	0	1	0	0	0
OTU_489	0	0	0	0	0	0	0	0	0	0	31	0	0	0	0	0	0	0	0	0	0	0	28	0	0	0	0	0	0	0	0	0	0	0	0	0	0	0	0	0
OTU_2628	0	0	0	0	0	0	0	0	0	0	1	0	0	1	0	0	0	0	0	0	0	0	1	0	0	0	1	0	0	0	0	0	0	0	1	0	0	1	0	0
OTU_3090	0	0	0	0	0	0	0	0	0	0	0	0	0	0	0	0	0	0	0	0	0	0	1	0	0	0	0	0	0	0	0	0	0	0	0	0	0	0	0	0
OTU_2225	0	0	0	0	0	0	0	0	0	0	0	1	0	0	0	0	0	0	0	0	0	0	0	0	0	0	1	0	0	0	0	0	1	0	1	0	0	0	1	1
OTU_3083	0	0	0	0	0	0	0	0	0	0	1	0	0	0	1	0	0	0	0	0	0	0	0	0	0	0	0	0	0	0	0	0	0	1	0	0	0	0	1	0
OTU_2339	0	0	0	0	0	0	0	0	0	0	0	0	0	0	0	0	0	0	0	0	0	0	0	0	0	0	1	2	0	1	0	0	0	0	0	0	0	0	0	0
OTU_1817	0	0	0	0	0	0	0	0	0	0	1	0	0	0	0	0	0	0	0	0	1	0	0	1	0	0	1	0	0	0	0	0	0	1	0	0	0	1	0	1
OTU_1347	0	0	0	0	0	0	0	0	0	0	0	1	0	0	0	0	1	0	0	0	0	0	0	0	0	1	7	0	3	0	5	0	2	0	0	0	3	0	4	1
OTU_1078	0	0	0	0	0	0	0	0	0	0	0	1	0	0	0	0	0	0	0	0	0	0	1	0	0	0	0	0	0	4	0	0	0	3	0	11	0	0	0	0
OTU_3093	0	0	0	0	0	0	0	0	0	0	0	1	0	0	0	0	0	0	0	0	0	0	0	0	0	1	0	0	0	0	0	0	0	0	0	0	0	0	0	0
OTU_3094	0	0	0	0	0	0	0	0	0	0	0	1	0	0	0	0	0	0	0	0	0	0	0	0	0	0	1	0	0	0	0	0	1	0	0	0	0	0	0	0
OTU_1767	0	0	0	0	0	0	0	0	0	0	0	0	0	0	0	0	0	0	0	0	0	0	0	0	0	0	0	2	0	0	0	0	5	0	0	0	0	1	0	0
OTU_3095	0	0	0	0	0	0	0	0	0	0	0	0	0	0	0	0	0	0	0	0	0	0	0	0	0	0	0	0	0	0	0	0	0	0	0	0	0	0	0	1
OTU_1537	0	0	0	0	0	0	0	0	0	0	0	0	5	0	0	0	0	0	0	0	0	0	0	5	0	0	0	0	0	0	0	0	0	0	0	0	0	0	0	0
OTU_2044	0	0	0	0	0	0	0	0	0	0	0	0	2	0	0	0	0	0	0	0	0	0	0	6	3	0	0	0	0	0	0	0	0	0	0	0	0	0	0	0
OTU_2346	0	0	0	0	0	0	0	0	0	0	0	0	1	0	0	0	0	0	0	0	0	0	0	0	0	0	0	0	0	0	0	1	0	0	0	0	2	0	0	0
OTU_335	0	0	0	0	0	0	0	0	0	0	0	0	0	0	0	0	0	0	0	0	0	0	0	0	0	10	107	0	0	0	6	0	0	0	0	1	98	0	0	0
OTU_2635	0	0	0	0	0	0	0	0	0	0	0	0	0	0	0	0	0	0	0	0	1	0	0	0	0	0	2	0	0	1	0	0	0	0	0	0	0	0	0	0
OTU_2850	0	0	0	0	0	0	0	0	0	0	0	0	0	0	0	0	0	0	0	0	3	0	0	0	0	0	0	0	0	0	0	1	0	0	0	1	1	0	0	0
OTU_1442	0	0	0	0	0	0	0	0	0	0	0	0	0	9	0	0	0	0	0	0	0	0	0	0	0	0	0	1	0	0	0	0	1	0	0	0	0	1	0	0
OTU_2853	0	0	0	0	0	0	0	0	0	0	0	0	0	0	0	0	0	0	0	0	1	0	0	0	0	0	0	0	0	0	0	0	0	0	0	0	1	1	0	1
OTU_2347	0	0	0	0	0	0	0	0	0	0	0	0	0	4	0	0	0	0	0	0	0	0	0	0	0	0	0	0	0	0	0	0	0	0	0	0	0	0	0	0
OTU_2856	0	0	0	0	0	0	0	0	0	0	0	0	0	0	0	0	0	0	0	0	0	0	0	0	0	1	1	0	0	0	0	0	0	0	0	1	1	0	0	0
OTU_3102	0	0	0	0	0	0	0	0	0	0	0	0	0	0	0	0	0	0	0	0	0	0	0	0	0	0	0	0	0	1	0	0	0	0	0	0	1	0	1	0
OTU_2642	0	0	0	0	0	0	0	0	0	0	0	0	0	0	0	0	0	0	0	0	0	0	0	0	0	1	0	0	0	0	0	0	0	1	0	0	0	1	0	0
OTU_2643	0	0	0	0	0	0	0	0	0	0	0	0	0	0	0	0	0	0	0	0	0	0	0	0	0	0	0	0	2	0	0	0	0	0	0	0	0	0	1	0
OTU_2863	0	0	0	0	0	0	0	0	0	0	0	0	0	0	0	0	0	0	0	0	2	0	1	0	0	0	0	0	0	2	0	0	0	0	0	0	0	0	0	0
OTU_2858	0	0	0	0	0	0	0	0	0	0	0	0	0	0	1	0	0	0	0	0	1	0	0	0	0	0	0	0	0	0	0	0	0	0	2	0	0	0	0	0
OTU_2866	0	0	0	0	0	0	0	0	0	0	0	0	0	0	0	0	0	0	0	0	0	0	0	0	0	0	0	0	1	0	0	0	0	0	0	0	0	0	1	0
OTU_3110	0	0	0	0	0	0	0	0	0	0	0	0	0	0	0	0	0	0	0	1	0	0	0	0	0	0	0	0	0	0	1	0	0	0	0	0	0	0	0	0
OTU_3111	0	0	0	0	0	0	0	0	0	0	0	0	0	0	0	0	1	1	0	1	0	0	0	0	0	0	0	0	0	0	0	0	0	0	0	0	0	0	0	0
OTU_1822	0	0	0	0	0	0	0	0	0	0	0	0	0	0	0	0	1	0	0	0	0	0	0	0	0	0	0	0	5	0	0	0	0	0	0	0	0	0	2	0
OTU_1224	0	0	0	0	0	0	0	0	0	0	0	0	0	0	0	0	0	0	0	0	0	0	0	0	0	0	0	2	0	0	0	0	0	0	0	1	0	6	0	0
OTU_2488	0	0	0	0	0	0	0	0	0	0	0	0	0	0	0	0	0	0	0	0	0	0	0	0	0	1	0	0	0	0	0	1	0	0	0	0	0	0	0	0
OTU_2050	0	0	0	0	0	0	0	0	0	0	0	0	0	0	0	0	0	0	1	0	0	0	0	0	0	0	0	0	3	0	0	0	0	0	0	0	1	0	0	0
OTU_2870	0	0	0	0	0	0	0	0	0	0	0	0	0	0	0	0	0	0	0	3	0	0	0	0	0	0	0	0	0	0	0	0	0	0	0	0	0	0	0	0
OTU_3144	0	0	0	0	0	0	0	0	0	0	0	0	0	0	0	0	0	0	0	0	0	0	0	0	0	1	0	0	0	0	2	1	0	0	0	0	0	0	0	0
OTU_2352	0	0	0	0	0	0	0	0	0	0	0	0	0	0	0	0	0	0	0	1	0	0	0	0	0	2	0	0	1	0	0	0	2	0	0	0	0	0	0	4
OTU_263	0	0	0	0	0	0	0	0	0	0	0	0	0	0	0	0	0	0	0	0	0	0	0	0	0	0	0	0	0	93	0	0	0	19	0	33	0	0	0	58
OTU_2130	0	0	0	0	0	0	0	0	0	0	0	0	0	0	0	0	0	0	0	0	0	0	0	1	0	0	0	2	0	0	0	1	0	0	0	0	0	0	0	2
OTU_1382	0	0	0	0	0	0	0	0	0	0	0	0	0	0	0	0	0	0	0	0	0	0	2	0	0	0	3	0	0	0	0	1	0	1	0	1	1	0	0	0
OTU_3151	0	0	0	0	0	0	0	0	0	0	0	0	0	0	0	0	0	0	0	0	1	0	0	0	0	0	1	0	0	0	0	1	0	0	0	0	1	0	1	0
OTU_2051	0	0	0	0	0	0	0	0	0	0	0	0	0	0	0	0	0	0	0	0	0	0	0	0	0	1	0	0	0	2	1	0	0	1	0	0	0	1	0	0
OTU_3125	0	0	0	0	0	0	0	0	0	0	0	0	0	0	0	0	0	0	0	0	1	0	0	0	0	0	0	0	0	0	0	0	0	1	0	0	0	1	0	2
OTU_2492	0	0	0	0	0	0	0	0	0	0	0	0	0	0	0	0	0	0	0	0	1	0	0	0	0	0	2	0	0	0	0	1	0	0	0	1	0	0	0	1
OTU_3126	0	0	0	0	0	0	0	0	0	0	0	0	0	0	0	0	0	0	0	0	0	0	0	0	0	0	1	0	0	0	0	0	0	0	0	1	0	0	0	1
OTU_3129	0	0	0	0	0	0	0	0	0	0	0	0	0	0	0	0	0	0	0	0	0	0	0	0	0	0	0	0	0	0	0	0	0	3	0	0	0	0	0	0
OTU_73	0	0	0	0	0	0	0	0	0	0	0	0	0	0	0	0	0	0	0	0	0	0	0	0	0	0	2	1706	0	0	0	0	0	0	0	0	0	1652	0	0
OTU_2662	0	0	0	0	0	0	0	0	0	0	0	0	0	0	0	0	0	0	0	0	0	0	0	0	0	0	0	0	0	0	0	0	0	2	1	0	0	0	0	0
OTU_2495	0	0	0	0	0	0	0	0	0	0	0	0	0	0	0	0	0	0	0	0	0	0	0	0	0	0	0	0	0	0	0	0	0	0	0	0	0	0	2	0
OTU_2356	0	0	0	0	0	0	0	0	0	0	0	0	0	0	0	0	0	0	0	0	0	0	0	0	0	0	0	0	0	0	0	0	0	0	0	2	1	0	0	1
OTU_1147	0	0	0	0	0	0	0	0	0	0	0	0	0	0	0	0	0	0	0	0	0	0	0	0	0	0	0	88	0	0	1	11	402	0	0	0	0	74	0	0
OTU_1700	0	0	0	0	0	0	0	0	0	0	0	0	0	0	0	0	0	0	0	0	0	0	0	0	0	0	1	0	2	1	0	0	0	1	0	1	0	0	1	0
OTU_443	0	0	0	0	0	0	0	0	0	0	0	0	0	0	0	0	0	0	0	0	0	0	0	0	0	0	0	0	0	38	2	0	0	5	10	14	1	0	0	17
OTU_293	0	0	0	0	0	0	0	0	0	0	0	0	0	0	0	0	0	0	0	0	0	0	0	0	0	3	0	0	10	56	2	0	3	4	4	0	0	0	21	65
OTU_410	0	0	0	0	0	0	0	0	0	0	0	0	0	0	0	0	0	0	0	0	0	0	0	0	0	1	0	24	0	0	0	0	8	0	0	0	0	33	0	0
OTU_1980	0	0	0	0	0	0	0	0	0	0	0	0	0	0	0	0	0	0	0	0	0	0	0	0	0	0	0	0	1	0	3	0	0	0	0	0	0	0	0	0
OTU_1824	0	0	0	0	0	0	0	0	0	0	0	0	0	0	0	0	0	0	0	0	0	0	0	0	0	3	0	0	0	0	0	0	3	0	0	0	0	0	1	0
OTU_1056	0	0	0	0	0	0	0	0	0	0	0	0	0	0	0	0	0	0	0	0	0	0	0	0	0	1	0	0	0	18	2	0	0	19	0	1	2	0	0	3
OTU_897	0	0	0	0	0	0	0	0	0	0	0	0	0	0	0	0	0	0	0	0	0	0	0	0	0	3	0	0	1	5	2	0	0	2	0	13	3	0	0	1
OTU_3148	0	0	0	0	0	0	0	0	0	0	0	0	0	0	0	0	0	0	0	0	0	0	0	0	0	0	0	0	1	0	0	0	0	0	0	0	0	0	0	0
OTU_1504	0	0	0	0	0	0	0	0	0	0	0	0	0	0	0	0	0	0	0	0	0	0	0	0	0	0	0	0	1	4	2	0	0	0	1	0	2	0	0	3
OTU_1168	0	0	0	0	0	0	0	0	0	0	0	0	0	0	0	0	0	0	0	0	0	0	0	0	0	2	0	0	1	0	0	10	0	0	0	0	1	0	0	0
OTU_2358	0	0	0	0	0	0	0	0	0	0	0	0	0	0	0	0	0	0	0	0	0	0	0	0	0	1	0	0	0	0	0	0	3	0	0	0	0	0	0	0
OTU_887	0	0	0	0	0	0	0	0	0	0	0	0	0	0	0	0	0	0	0	0	0	0	0	0	0	0	2	1	2	1	4	1	0	0	0	0	3	1	3	6
OTU_2664	0	0	0	0	0	0	0	0	0	0	0	0	0	0	0	0	0	0	0	0	0	0	0	0	0	4	0	0	0	0	0	0	0	0	0	0	0	0	0	0
OTU_233	0	0	0	0	0	0	0	0	0	0	0	0	0	0	0	0	0	0	0	0	0	0	0	0	0	0	0	0	113	0	0	3	337	0	0	0	0	0	88	0
OTU_2497	0	0	0	0	0	0	0	0	0	0	0	0	0	0	0	0	0	0	0	0	0	0	0	0	0	1	0	0	1	0	1	0	0	0	0	1	0	0	1	0
OTU_3149	0	0	0	0	0	0	0	0	0	0	0	0	0	0	0	0	0	0	0	0	0	0	0	0	0	1	0	0	0	0	3	0	0	0	0	0	0	0	0	0
OTU_207	0	0	0	0	0	0	0	0	0	0	0	0	0	0	0	0	0	0	0	0	0	0	0	0	0	0	0	0	76	0	1	8	501	0	0	0	0	0	76	2
OTU_933	0	0	0	0	0	0	0	0	0	0	0	0	0	0	0	0	0	0	0	0	0	0	0	0	0	1	0	8	0	0	1	0	1	0	0	0	0	11	0	0
OTU_2878	0	0	0	0	0	0	0	0	0	0	0	0	0	0	0	0	0	0	0	0	0	0	0	0	0	1	0	0	1	1	0	0	0	1	1	0	0	0	0	0
OTU_1823	0	0	0	0	0	0	0	0	0	0	0	0	0	0	0	0	0	0	0	0	0	0	0	0	0	1	0	0	1	2	0	1	1	0	0	0	0	0	1	1
OTU_3163	0	0	0	0	0	0	0	0	0	0	0	0	0	0	0	0	0	0	0	0	0	0	0	0	0	0	0	0	0	3	0	0	0	0	0	0	0	0	0	1
OTU_2499	0	0	0	0	0	0	0	0	0	0	0	0	0	0	0	0	0	0	0	0	0	0	0	0	0	0	7	0	0	0	0	0	0	0	0	0	1	0	0	2
OTU_568	0	0	0	0	0	0	0	0	0	0	0	0	0	0	0	0	0	0	0	0	0	0	0	0	0	0	45	0	0	0	0	0	0	0	2	3	43	0	0	0
OTU_2361	0	0	0	0	0	0	0	0	0	0	0	0	0	0	0	0	0	0	0	0	0	0	0	0	0	0	6	0	0	0	0	0	0	0	0	0	2	0	0	0
OTU_1664	0	0	0	0	0	0	0	0	0	0	0	0	0	0	0	0	0	0	0	0	0	0	0	0	0	0	3	0	4	0	0	0	1	1	0	0	0	0	1	0
OTU_2666	0	0	0	0	0	0	0	0	0	0	0	0	0	0	0	0	0	0	0	0	0	0	0	0	0	0	1	0	0	0	0	0	0	0	0	1	0	0	0	1
OTU_1701	0	0	0	0	0	0	0	0	0	0	0	0	0	0	0	0	0	0	0	0	0	0	0	0	0	0	0	3	0	0	0	1	10	0	0	0	0	1	0	0
OTU_2500	0	0	0	0	0	0	0	0	0	0	0	0	0	0	0	0	0	0	0	0	0	0	0	0	0	0	0	3	0	0	0	0	0	0	0	0	0	1	1	0
OTU_526	0	0	0	0	0	0	0	0	0	0	0	0	0	0	0	0	0	0	0	0	0	0	0	0	0	0	0	0	0	0	0	2	86	0	0	0	0	2	0	0
OTU_3159	0	0	0	0	0	0	0	0	0	0	0	0	0	0	0	0	0	0	0	0	0	0	0	0	0	0	0	0	3	1	0	0	0	0	0	0	0	0	0	0
OTU_3156	0	0	0	0	0	0	0	0	0	0	0	0	0	0	0	0	0	0	0	0	0	0	0	0	0	0	0	0	0	0	0	0	1	0	0	0	0	0	1	0
OTU_942	0	0	0	0	0	0	0	0	0	0	0	0	0	0	0	0	0	0	0	0	0	0	0	0	0	0	0	0	1	0	0	0	0	42	0	0	0	0	1	0
OTU_643	0	0	0	0	0	0	0	0	0	0	0	0	0	0	0	0	0	0	0	0	0	0	0	0	0	0	0	0	25	0	0	0	4	0	4	0	0	0	16	0
OTU_3158	0	0	0	0	0	0	0	0	0	0	0	0	0	0	0	0	0	0	0	0	0	0	0	0	0	0	0	0	1	0	0	0	0	0	0	0	0	0	1	0
OTU_3160	0	0	0	0	0	0	0	0	0	0	0	0	0	0	0	0	0	0	0	0	0	0	0	0	0	0	0	0	3	0	0	0	0	0	0	0	0	0	2	0
OTU_1296	0	0	0	0	0	0	0	0	0	0	0	0	0	0	0	0	0	0	0	0	0	0	0	0	0	0	0	0	0	0	0	0	17	0	0	0	0	0	1	0
OTU_2239	0	0	0	0	0	0	0	0	0	0	0	0	0	0	0	0	0	0	0	0	0	0	0	0	0	0	0	0	1	1	0	0	2	0	0	0	0	0	0	1
OTU_2132	0	0	0	0	0	0	0	0	0	0	0	0	0	0	0	0	0	0	0	0	0	0	0	0	0	0	0	0	0	0	0	0	0	11	0	0	0	0	0	0
OTU_1702	0	0	0	0	0	0	0	0	0	0	0	0	0	0	0	0	0	0	0	0	0	0	0	0	0	0	0	0	0	1	0	0	0	0	0	0	0	0	0	10
OTU_918	0	0	0	0	0	0	0	0	0	0	0	0	0	0	0	0	0	0	0	0	0	0	0	0	0	0	0	0	0	29	0	0	0	0	1	32	2	0	0	13
OTU_1010	0	0	0	0	0	0	0	0	0	0	0	0	0	0	0	0	0	0	0	0	0	0	0	0	0	0	0	0	0	5	0	0	0	0	0	10	0	0	0	2
OTU_3164	0	0	0	0	0	0	0	0	0	0	0	0	0	0	0	0	0	0	0	0	0	0	0	0	0	0	0	0	0	0	0	0	0	0	0	2	0	0	0	0
OTU_2894	0	0	0	0	0	0	0	0	0	0	0	0	0	0	0	0	0	0	0	0	0	0	0	0	0	0	0	0	0	0	0	0	4	0	0	0	0	0	0	0
OTU_3165	0	0	0	0	0	0	0	0	0	0	0	0	0	0	0	0	0	0	0	0	0	0	0	0	0	0	0	0	0	0	0	4	0	0	0	0	0	0	0	0
OTU_2502	0	0	0	0	0	0	0	0	0	0	0	0	0	0	0	0	0	0	0	0	0	0	0	0	0	0	0	0	0	0	0	0	6	0	0	0	0	0	0	0
OTU_1444	0	0	0	0	0	0	0	0	0	0	0	0	0	0	0	0	0	0	0	0	0	0	0	0	0	0	0	0	0	0	0	0	0	0	0	6	1	0	0	0
OTU_1704	0	0	0	0	0	0	0	0	0	0	0	0	0	0	0	0	0	0	0	0	0	0	0	0	0	0	0	0	0	0	0	0	0	0	0	3	3	0	0	0
