ZH11FunBI05501	ZH11FunBI05502	ZH11FunBI05503	ZH11FunBI05504	ZH11FunBI05505	ZH11FunBI05506	ZH11FunBI05507	ZH11FunBI05508	ZH11FunBI05509	ZH11FunBI0401	ZH11FunBI0402	ZH11FunBI0403	ZH11FunBI0404	ZH11FunBI0405	ZH11FunBI0406	ZH11FunBI0407	ZH11FunBI0408	ZH11FunBI0409	ZH11FunBI0301	ZH11FunBI0302	ZH11FunBI0303	ZH11FunBI0304	ZH11FunBI0305	ZH11FunBI0306	ZH11FunBI0307	ZH11FunBI0308	ZH11FunBI0309	ZH11FunBI0001	ZH11FunBI0002	ZH11FunBI0003	ZH11FunBI0004	ZH11FunBI0005	ZH11FunBI0006	ZH11FunBI0007	ZH11FunBI0008	ZH11FunBI0009
OTU_8	0.00780096044449873	0.00485813752610034	0.005888821985328	0.00160392795540567	0.00324254793580209	0.000537710902314383	0	0	0	0	0	0	0	0	0	0	0	0	0.0132515514912712	0.00608113312023816	0.00629949467536693	0.00300575671982622	0.00296433881226956	0.00219868668744128	0.00273136470686604	0.00223405740729659	0.00306753267078801	0	0	0	0	0	0	0	0	0
OTU_6	0.0048756002778117	0.00485813752610034	0.007851762647104	0.00160392795540567	0.00486382190370314	0.0032262654138863	0.0102498135815155	0.00178472631222002	0.00332856931849624	0	0	0	0	0	0	0	0	0	0.0197232394288688	0.00651038957578439	0.00693652222680853	0.00201605633646881	0.00231363029250307	0.00266725926017466	0.00500750196258774	0.00335108611094489	0.00102251089026267	0	0	0	0	0	0	0	0	0
OTU_16	0.00390048022224936	0	0	0	0.000540424655967015	0.000537710902314383	0.00170830226358591	0	0	0.000476097477557834	0	0	0	0	0	0	0	0	0.00349265698219552	0.000930055653683484	0.00134483594193227	0.000696455825325588	0.00079531041304793	0.000396484484620558	0.000910454902288679	0	0	0	0	0	0	0	0	0	0	0
OTU_17	0.00292536016668702	0	0.002944410992664	0.00106928530360378	0.000540424655967015	0.000537710902314383	0	0	0	0	0	0	0	0	0	0	0	0	0.00472535944649982	0.00135931210922971	0.0012740551028832	0.000549833546309674	0.000578407573125768	0.000829013013297531	0	0	0.000511255445131335	0	0	0	0	0	0	0	0	0
OTU_14	0.00195024011112468	0.00291488251566021	0.001962940661776	0.00053464265180189	0	0.00107542180462877	0.00170830226358591	0.00178472631222002	0.00166428465924812	0	0	0	0	0	0	0	0	0	0.00174632849109776	0.00271862421845941	0.00261889104481547	0.00117297823212731	0.000831460886368291	0.00057670470490263	0	0.00167554305547244	0	0	0	0	0	0	0	0	0	0
OTU_20	0.000975120055562341	0.000971627505220069	0.001962940661776	0.00053464265180189	0	0.000537710902314383	0	0.00178472631222002	0.00166428465924812	0.000476097477557834	0.00095151335529096	0.00095906504858692	0.000263100865999185	0.000788737599716956	0	0.00135639199728722	0.00137320677411309	0.00287719514576076	0.000205450410717384	0.000643884683319335	0.0002123425171472	0.000293244558031826	0.000216902839922163	0.000432528528676972	0	0	0	0	0	0	0	0	0	0	0	0
OTU_24	0.000975120055562341	0.000971627505220069	0.000981470330888	0.00053464265180189	0.000540424655967015	0.00161313270694315	0.00170830226358591	0	0	0	0	0	0	0	0	0	0	0	0.00287630575004337	0.00100159839627452	0.000990931746686933	0.00106301152286537	0.000253053313242523	0.000504616616789801	0.00045522745114434	0	0.000511255445131335	0	0	0	0	0	0	0	0	0
OTU_9	0.000975120055562341	0.00194325501044014	0.001962940661776	0.00053464265180189	0.000540424655967015	0.00107542180462877	0	0	0.00332856931849624	0.000952194955115667	0.0023787833882274	0.00431579271864114	0.00157860519599511	0.00105165013295594	0.0026557397609173	0.00135639199728722	0.00274641354822618	0.0071929878644019	0.00554716108936936	0.00286170970364149	0.002123425171472	0.00139291165065118	0.000831460886368291	0.000792968969241116	0.000910454902288679	0.00223405740729659	0.00153376633539401	0	0	0	0	0	0	0	0	0
OTU_107	0.000975120055562341	0	0.000981470330888	0	0	0	0	0	0	0	0	0	0	0	0	0	0	0	0.000719076437510842	7.15427425910372e-05	7.07808390490667e-05	7.33111395079566e-05	0.000108451419961081	0	0	0	0	0	0	0	0	0	0	0	0	0
OTU_36	0.000975120055562341	0	0.001962940661776	0	0	0.000537710902314383	0	0	0	0.000476097477557834	0	0.00143859757288038	0.000263100865999185	0	0	0	0	0	0.000410900821434767	0.000214628227773112	0.000353904195245333	0.000146622279015913	0.000108451419961081	0.000252308308394901	0	0	0.000511255445131335	0	0	0	0	0	0	0	0	0
OTU_99	0.000975120055562341	0	0	0	0.000540424655967015	0	0	0	0	0	0	0	0	0	0	0	0	0	0.000513626026793459	0.000429256455546223	0.0004246850342944	7.33111395079566e-05	0.000216902839922163	0.000144176176225657	0.00045522745114434	0	0	0	0	0	0	0	0	0	0	0
OTU_22	0.000975120055562341	0	0.000981470330888	0	0	0.000537710902314383	0	0	0.00166428465924812	0	0	0	0	0	0	0	0	0	0.00143815287502168	0.00100159839627452	0.00120327426383413	0.000329900127785805	0.000542257099805407	0.000288352352451315	0.00045522745114434	0	0.000511255445131335	0	0	0	0	0	0	0	0	0
OTU_74	0.000975120055562341	0	0.000981470330888	0	0	0	0	0	0	0	0	0	0	0	0	0	0	0	0.000719076437510842	0.000286170970364149	0.0002123425171472	0.000109966709261935	0.000180752366601802	0	0.00045522745114434	0.000558514351824148	0.00102251089026267	0	0	0	0	0	0	0	0	0
OTU_58	0.000975120055562341	0	0	0	0	0.000537710902314383	0	0	0	0	0	0	0	0	0	0	0	0	0.000102725205358692	0.000214628227773112	0.0002123425171472	7.33111395079566e-05	3.61504733203605e-05	0.000180220220282072	0	0	0	0	0	0	0	0	0	0	0	0
OTU_19	0.000975120055562341	0.000971627505220069	0	0.00106928530360378	0.00216169862386806	0	0.00170830226358591	0.00178472631222002	0	0	0	0	0	0	0	0	0	0	0.00164360328573907	0.00121622662404763	0.00134483594193227	0.00021993341852387	0.000289203786562884	0.000720880881128287	0	0.000558514351824148	0	0	0	0	0	0	0	0	0	0
OTU_139	0.000975120055562341	0	0	0	0.000540424655967015	0	0	0	0	0	0	0	0	0	0	0	0	0	0.000410900821434767	0.000143085485182074	0.0002123425171472	0.000109966709261935	0	0.000108132132169243	0.00045522745114434	0	0	0	0	0	0	0	0	0	0	0
OTU_50	0.000975120055562341	0	0	0	0	0	0	0	0	0	0.00047575667764548	0.00095906504858692	0.000263100865999185	0.000262912533238985	0.00026557397609173	0	0	0	0.000616351232152151	0.000214628227773112	0.000141561678098133	7.33111395079566e-05	0.000144601893281442	0.000180220220282072	0	0.000558514351824148	0	0	0	0	0	0	0	0	0	0
OTU_2	0	0	0	0	0	0.000537710902314383	1.04889758984175	1.17613463975299	0.995242226230375	0	0	0.00047953252429346	0	0.000525825066477971	0.00159344385655038	1.25873177348254	1.28120192024751	1.36666769423636	0	7.15427425910372e-05	0.000353904195245333	3.66555697539783e-05	0	3.60440440564144e-05	0.567213404125847	0.713781341631261	0.650316926207058	0	0	0	0	0	0	0	0	0
OTU_155	0	0.000971627505220069	0	0.00053464265180189	0	0	0	0	0	0	0	0	0	0	0	0	0	0	0	0	0.000141561678098133	0	3.61504733203605e-05	7.20880881128287e-05	0	0	0	0	0	0	0	0	0	0	0	0
OTU_10	0	0.000971627505220069	0.001962940661776	0.00106928530360378	0.00162127396790105	0.00161313270694315	0.00341660452717183	0	0.00332856931849624	0.00238048738778917	0.00333029674351836	0.00287719514576076	0.00131550432999593	0.000788737599716956	0.00053114795218346	0.00406917599186165	0.00274641354822618	0.00575439029152152	0.00359538218755421	0.00150239759441178	0.0014863976200304	0.000623144685817631	0.000469956153164686	0.000829013013297531	0.00136568235343302	0.000558514351824148	0.000511255445131335	0	0	0	0	0	0	0	0	0
OTU_46	0	0	0.000981470330888	0.00106928530360378	0	0	0	0	0	0	0	0	0	0	0	0	0	0	0.0012327024643043	0.00100159839627452	0.000353904195245333	0.000146622279015913	0.000253053313242523	0.000288352352451315	0	0	0.000511255445131335	0	0	0	0	0	0	0	0	0
OTU_21	0	0	0	0	0.000540424655967015	0.000537710902314383	0.00170830226358591	0	0	0.000476097477557834	0.00095151335529096	0.00143859757288038	0.000263100865999185	0.00105165013295594	0.00026557397609173	0.00135639199728722	0.00137320677411309	0.00143859757288038	0.00184905369645645	0.00100159839627452	0.000283123356196267	0.000146622279015913	0.000216902839922163	0.000180220220282072	0.00045522745114434	0	0	0	0	0	0	0	0	0	0	0
OTU_60	0	0	0	0	0	0	0	0	0	0	0	0	0	0	0	0	0	0	0.000308175616076075	7.15427425910372e-05	0.0002123425171472	0	0.000144601893281442	7.20880881128287e-05	0	0	0	0	0	0	0	0	0	0	0	0
OTU_32	0	0.000971627505220069	0.000981470330888	0	0.000540424655967015	0	0	0	0	0	0	0	0	0	0	0	0	0	0.000513626026793459	0.000643884683319335	0.000283123356196267	0.000146622279015913	0.000361504733203605	0.000144176176225657	0	0	0.000511255445131335	0	0	0	0	0	0	0	0	0
OTU_90	0	0	0	0	0	0	0	0	0	0	0	0	0	0	0	0	0	0	0.000205450410717384	0.000143085485182074	0	0.000109966709261935	3.61504733203605e-05	7.20880881128287e-05	0	0	0	0	0	0	0	0	0	0	0	0
OTU_141	0	0	0	0	0	0	0	0	0	0	0	0	0	0	0	0	0	0	0.000308175616076075	0	0	7.33111395079566e-05	0.000108451419961081	0.000180220220282072	0	0	0	0	0	0	0	0	0	0	0	0
OTU_55	0	0	0	0	0	0	0	0	0	0.00238048738778917	0.00047575667764548	0	0.000263100865999185	0	0.00053114795218346	0	0	0	0.00102725205358692	0.000429256455546223	0.0002123425171472	3.66555697539783e-05	3.61504733203605e-05	0.000252308308394901	0	0	0	0	0	0	0	0	0	0	0	0
OTU_61	0	0.000971627505220069	0	0	0	0	0	0.00178472631222002	0	0	0.00047575667764548	0	0.000263100865999185	0	0.00079672192827519	0	0	0	0.00102725205358692	0.000143085485182074	0.000495465873343467	0.000109966709261935	0.000144601893281442	0.000180220220282072	0.00045522745114434	0.000558514351824148	0.000511255445131335	0	0	0	0	0	0	0	0	0
OTU_29	0	0.000971627505220069	0.001962940661776	0	0.000540424655967015	0.000537710902314383	0	0	0	0	0.00047575667764548	0.00095906504858692	0.000789302597997556	0.000262912533238985	0.00053114795218346	0	0	0.00143859757288038	0.000719076437510842	0.000143085485182074	0.0006370275514416	0.000293244558031826	7.2300946640721e-05	0.000216264264338486	0	0	0	0	0	0	0	0	0	0	0	0
OTU_43	0	0	0.001962940661776	0.00053464265180189	0.00162127396790105	0	0	0	0.00332856931849624	0	0	0	0	0	0	0	0	0	0.00205450410717384	0.000930055653683484	0.0002123425171472	0.000256588988277848	0.000180752366601802	0.000216264264338486	0	0.0011170287036483	0	0	0	0	0	0	0	0	0	0
OTU_52	0	0	0	0	0	0	0	0	0	0.000952194955115667	0	0.00047953252429346	0	0.000788737599716956	0.00026557397609173	0	0	0	0.000616351232152151	0.000214628227773112	7.07808390490667e-05	0.000146622279015913	0.000180752366601802	0.000288352352451315	0	0	0	0	0	0	0	0	0	0	0	0
OTU_48	0	0.00194325501044014	0	0	0	0.000537710902314383	0.00341660452717183	0	0	0	0	0	0	0	0	0	0	0	0.000410900821434767	7.15427425910372e-05	0.000353904195245333	0.000366555697539783	0.000144601893281442	0.000180220220282072	0	0	0	0	0	0	0	0	0	0	0	0
OTU_25	0	0.00194325501044014	0.001962940661776	0	0.000540424655967015	0.000537710902314383	0.00170830226358591	0	0	0.000952194955115667	0.00095151335529096	0.00095906504858692	0	0.000525825066477971	0.00132786988045865	0	0	0	0.000821801642869534	0.000286170970364149	7.07808390490667e-05	0.00021993341852387	0.000361504733203605	0.000144176176225657	0.00045522745114434	0.000558514351824148	0	0	0	0	0	0	0	0	0	0
OTU_86	0	0	0.000981470330888	0.00053464265180189	0	0	0	0	0	0.000476097477557834	0	0	0.000263100865999185	0.000262912533238985	0	0	0	0	0.000205450410717384	0.000214628227773112	0.000353904195245333	3.66555697539783e-05	0	3.60440440564144e-05	0	0	0	0	0	0	0	0	0	0	0	0
OTU_44	0	0.000971627505220069	0.000981470330888	0	0.000540424655967015	0	0	0	0	0.000476097477557834	0.00047575667764548	0.00143859757288038	0.000263100865999185	0.000262912533238985	0.00053114795218346	0.00135639199728722	0	0	0.000308175616076075	0.000214628227773112	0.000283123356196267	0.000146622279015913	0.000180752366601802	0.000108132132169243	0	0	0	0	0	0	0	0	0	0	0	0
OTU_145	0	0	0.000981470330888	0	0	0	0	0	0	0	0	0	0	0	0	0	0	0	0.000102725205358692	0.000214628227773112	0.000283123356196267	7.33111395079566e-05	7.2300946640721e-05	3.60440440564144e-05	0	0	0	0	0	0	0	0	0	0	0	0
OTU_106	0	0	0	0	0	0	0	0	0	0	0.00047575667764548	0	0	0	0	0	0	0	0.000205450410717384	0.000286170970364149	0.000141561678098133	0	0	7.20880881128287e-05	0	0.000558514351824148	0	0	0	0	0	0	0	0	0	0
OTU_39	0	0	0	0.00106928530360378	0.000540424655967015	0.000537710902314383	0	0	0	0	0	0	0	0	0	0	0	0	0.000719076437510842	7.15427425910372e-05	0.0004246850342944	7.33111395079566e-05	0.000216902839922163	0.000216264264338486	0	0	0	0	0	0	0	0	0	0	0	0
OTU_28	0	0	0.000981470330888	0	0	0	0	0	0	0	0	0	0	0	0	0	0	0	0.000410900821434767	0.000214628227773112	7.07808390490667e-05	0.000146622279015913	0.000216902839922163	7.20880881128287e-05	0	0.000558514351824148	0	0	0	0	0	0	0	0	0	0
OTU_96	0	0	0	0	0	0	0	0	0	0	0	0	0	0	0	0	0	0	0.000821801642869534	0	0.000283123356196267	3.66555697539783e-05	0	3.60440440564144e-05	0	0	0	0	0	0	0	0	0	0	0	0
OTU_205	0	0	0	0	0	0	0	0	0	0	0	0	0	0	0	0	0	0	0	0	0	0	0	0	0	0	0	0	0	0	0	0	0	0	0	0
OTU_170	0	0	0	0	0	0.000537710902314383	0	0	0	0.000476097477557834	0	0.00143859757288038	0.000263100865999185	0	0.00053114795218346	0	0	0	0	0.000143085485182074	0.000141561678098133	0	7.2300946640721e-05	0	0	0	0	0	0	0	0	0	0	0	0	0
OTU_47	0	0	0	0	0	0	0	0	0	0	0	0	0	0	0	0	0	0	0.00154087808038038	0.000143085485182074	0.000141561678098133	0.000109966709261935	7.2300946640721e-05	7.20880881128287e-05	0	0	0.000511255445131335	0	0	0	0	0	0	0	0	0
OTU_49	0	0	0	0	0	0	0	0	0	0.000952194955115667	0	0	0.000263100865999185	0.000525825066477971	0.00079672192827519	0	0.00274641354822618	0	0.000410900821434767	0.000214628227773112	0.000141561678098133	7.33111395079566e-05	0.000216902839922163	3.60440440564144e-05	0	0	0	0	0	0	0	0	0	0	0	0
OTU_132	0	0	0	0	0	0	0	0	0	0.000476097477557834	0	0	0	0	0.00026557397609173	0	0	0	0.000205450410717384	7.15427425910372e-05	0	0	3.61504733203605e-05	0	0	0	0	0	0	0	0	0	0	0	0	0
OTU_72	0	0	0	0	0	0	0	0	0	0	0	0	0	0	0	0	0	0	0.000308175616076075	0.000286170970364149	7.07808390490667e-05	3.66555697539783e-05	7.2300946640721e-05	7.20880881128287e-05	0	0.000558514351824148	0	0	0	0	0	0	0	0	0	0
OTU_159	0	0	0	0	0	0	0	0	0	0	0	0	0	0	0	0	0	0	0.000205450410717384	0	7.07808390490667e-05	0	7.2300946640721e-05	0	0	0	0	0	0	0	0	0	0	0	0	0
OTU_161	0	0.000971627505220069	0	0	0	0	0	0	0	0	0	0	0	0	0	0	0	0	0	0	0	3.66555697539783e-05	0	0	0	0	0	0	0	0	0	0	0	0	0	0
OTU_235	0	0	0	0	0	0	0	0	0	0	0	0	0	0	0	0	0	0	0.000102725205358692	0.000143085485182074	0	0	0	3.60440440564144e-05	0	0	0	0	0	0	0	0	0	0	0	0
OTU_191	0	0	0	0	0	0	0	0	0	0	0	0	0	0	0	0	0	0	0.000102725205358692	0	0.000141561678098133	3.66555697539783e-05	3.61504733203605e-05	7.20880881128287e-05	0.00045522745114434	0	0	0	0	0	0	0	0	0	0	0
OTU_246	0	0	0	0	0	0	0	0	0	0.000476097477557834	0.00047575667764548	0	0.00052620173199837	0	0	0	0	0	0.000102725205358692	0.000143085485182074	0	3.66555697539783e-05	0.000108451419961081	0	0	0	0	0	0	0	0	0	0	0	0	0
OTU_174	0	0	0	0	0	0	0	0	0	0	0	0	0	0	0	0	0	0	0.000205450410717384	0	0	0	0	0	0	0	0	0	0	0	0	0	0	0	0	0
OTU_66	0	0	0	0	0	0	0	0.00178472631222002	0	0	0.00047575667764548	0	0.000263100865999185	0.000262912533238985	0	0	0	0	0.000410900821434767	0.000286170970364149	0	3.66555697539783e-05	0	0	0	0	0	0	0	0	0	0	0	0	0	0
OTU_241	0	0	0	0	0	0	0	0	0	0	0.00047575667764548	0	0	0	0	0	0	0	0	0	0.000141561678098133	0	0	0	0	0	0	0	0	0	0	0	0	0	0	0
OTU_218	0	0	0	0	0	0	0	0	0	0	0	0	0	0	0	0	0	0	0	0	0	7.33111395079566e-05	0	0	0	0	0	0	0	0	0	0	0	0	0	0
OTU_237	0	0	0	0	0	0	0	0	0	0	0	0	0	0	0.00026557397609173	0	0	0	0	7.15427425910372e-05	0	0	3.61504733203605e-05	3.60440440564144e-05	0	0	0	0	0	0	0	0	0	0	0	0
OTU_221	0	0	0	0	0	0	0	0	0	0	0.00047575667764548	0.00047953252429346	0	0	0	0	0	0	0	0	0	0.000109966709261935	7.2300946640721e-05	0	0	0	0	0	0	0	0	0	0	0	0	0
OTU_198	0	0	0	0	0	0.000537710902314383	0	0	0	0	0	0	0	0	0	0	0	0	0	7.15427425910372e-05	0.0002123425171472	3.66555697539783e-05	0	0	0	0	0	0	0	0	0	0	0	0	0	0
OTU_120	0	0	0	0	0.000540424655967015	0	0	0	0	0	0	0	0.000263100865999185	0	0	0	0	0	0	0	0	3.66555697539783e-05	7.2300946640721e-05	3.60440440564144e-05	0	0	0	0	0	0	0	0	0	0	0	0
OTU_178	0	0	0	0	0	0	0.00170830226358591	0	0	0	0	0	0	0	0	0	0	0	0.000205450410717384	0	7.07808390490667e-05	0.000109966709261935	0	0	0	0	0	0	0	0	0	0	0	0	0	0
OTU_194	0	0	0	0	0	0	0	0	0	0	0	0	0	0	0	0	0	0	0	0	7.07808390490667e-05	0	0	0	0	0	0	0	0	0	0	0	0	0	0	0
OTU_157	0	0	0	0	0	0	0	0	0	0.000476097477557834	0	0.00047953252429346	0.000263100865999185	0	0	0	0	0	0.000102725205358692	0	0	3.66555697539783e-05	3.61504733203605e-05	7.20880881128287e-05	0	0	0	0	0	0	0	0	0	0	0	0
OTU_185	0	0	0	0	0	0	0	0	0.00166428465924812	0	0	0	0	0	0	0	0	0	0	0.000143085485182074	0	0	0	0	0	0	0	0	0	0	0	0	0	0	0	0
OTU_219	0	0	0	0	0	0	0	0	0	0.000476097477557834	0	0	0	0	0	0	0	0	0.000308175616076075	0	0.000141561678098133	0.000109966709261935	0	0	0	0	0	0	0	0	0	0	0	0	0	0
OTU_240	0	0	0	0	0	0	0	0	0	0	0	0	0	0	0	0	0	0	0.000102725205358692	0	7.07808390490667e-05	0	3.61504733203605e-05	0	0	0	0.000511255445131335	0	0	0	0	0	0	0	0	0
