TAH1	TAH2	TAH3	TAH4	TAH5	TAH6	TAH7	TAH8	TAH10	species	ID
bacOTU_8	46.0406497154443	57.0478955338778	6.82547712900336	6.20508636079466	9.86338344997455	8.32169538567986	107.54801983709	27.3273771042235	78.3956151221029	bac	bacOTU_8
bacOTU_5	23.780010900373	20.6586040305405	23.5524576986736	21.2459732993609	1.15739192479701	2.5490571451632	32.402357899636	7.98807330738839	6.93071800354823	bac	bacOTU_5
bacOTU_3	17.7689778672231	38.0951395425563	18.5535899422204	8.73672079599888	16.1495827687583	16.8681987547565	93.9896282336959	25.1411949358856	22.8370544051343	bac	bacOTU_3
bacOTU_10	12.8148297629788	28.4292339869823	1.63434522807123	0.843978145068074	1.23629819239681	2.17421050616861	57.6807151263024	4.62471612533012	19.3149370590688	bac	bacOTU_10
bacOTU_28	15.853373933582	28.8082891068087	3.74925081733987	2.97849345318144	1.4730169951962	2.5490571451632	41.1348813052117	14.546619812402	14.6566528271758	bac	bacOTU_28
bacOTU_9	14.9285996207897	79.9807302833769	66.2350977730044	11.9633137036121	4.52405934238833	4.83562164303019	48.0289787306661	31.0270700044876	12.8387858098516	bac	bacOTU_9
bacOTU_4	21.996517582845	118.265297385846	188.707357806107	21.2459732993609	3.70869457719043	10.7207138752452	79.0524171452113	48.0120237738818	27.1544885712791	bac	bacOTU_4
bacOTU_13	7.7946263506778	26.3444308279369	6.05642055108749	0.695058472409002	1.05218356799729	1.2745785725816	29.8745221769694	4.03612861846993	7.49880144646202	bac	bacOTU_13
bacOTU_27	12.0221660662997	66.903328649365	19.2265144478968	3.97129127090858	0.815464765197896	0.862247269687553	46.6501592455752	10.678759053035	28.4042721456895	bac	bacOTU_27
bacOTU_6	1.65148270141479	27.8606513072427	25.6673632879422	79.473565309058	18.1748436371531	5.99764622391341	17.9247533061816	12.6126894327185	6.58986793779995	bac	bacOTU_6
bacOTU_7	2.3780910900373	76.7587617648522	36.9148157399618	10.6230366496805	5.97067424838459	12.1451311034247	26.197670216727	68.2762507957829	20.2238705677309	bac	bacOTU_7
bacOTU_70	8.32306881513053	20.279548910714	5.86415640660852	1.98569563545429	2.9459339903924	3.78605105384534	19.3035727912725	11.3514304894467	11.248152169693	bac	bacOTU_70
bacOTU_20	1.32120616113183	14.972777233144	1.24981693911329	1.78713607190886	0.7365584975981	1.2745785725816	9.19222990060596	4.12021254802138	1.24988357441034	bac	bacOTU_20
bacOTU_22	2.3780910900373	14.2146669934912	4.90283568421368	3.02813334406779	0.605048051598439	1.98678718667132	5.28557469284843	7.98807330738839	3.29498396889998	bac	bacOTU_22
bacOTU_19	21.2699091942225	27.6711237473294	11.8243448854565	2.82957378052237	0.578745962398507	1.57445588377727	54.2336664135752	3.27937325250682	17.6106867303275	bac	bacOTU_19
bacOTU_32	6.67168611371575	24.0701001089783	26.3402877936186	13.2539508666574	0.552443873198575	2.43660315346482	51.4760274433934	5.63372327994761	8.86220170945511	bac	bacOTU_32
bacOTU_53	1.98175924169775	1.70584803921894	0.192364144478968	0.0993797817727146	0.184214624399525	0.524885294592423	8.50282015806051	0.420519647757284	2.61328383740343	bac	bacOTU_53
bacOTU_26	15.6552080094122	11.5612811547061	7.88292992363768	3.02813334406779	0.789162675997964	2.32414916176645	60.8979605915145	4.54063219577867	27.2681052598619	bac	bacOTU_26
bacOTU_11	6.40746488148938	32.9778954248995	5.960288478848	1.19145738127258	1.551923262796	3.48617374264967	73.3073359573325	18.7508162899749	29.6540557200998	bac	bacOTU_11
bacOTU_48	1.5854273933582	13.4565567538383	11.0552883075406	5.75832734281745	0.920673121997625	2.13672584226915	18.1545565536968	7.23131794142529	4.77200092047583	bac	bacOTU_48
bacOTU_16	0.330376540282958	9.28695043574755	46.3357588194312	3.27633279849958	0.236818802799389	1.19960924478268	0.229903247515149	8.15624116649131	1.13626688582758	bac	bacOTU_16
bacOTU_25	8.78545597152668	29.945454466288	5.19123190093213	3.97129127090858	2.44619429559369	2.88641912025833	28.4957026918785	13.8739483759904	8.63496833228959	bac	bacOTU_25
bacOTU_50	8.91756658763986	15.5413599128837	2.88406216718452	2.03533552634065	0.710256408398168	1.42451722817943	14.2479013459392	8.24032509604277	3.63583403464825	bac	bacOTU_50
bacOTU_206	0.726708388622507	7.96025751635504	0.192364144478968	0.347579236204501	0.131610445999661	0.712308614089717	1.83852598012119	6.30639471635926	1.24988357441034	bac	bacOTU_206
bacOTU_44	6.34140957343279	8.90789531592112	2.59566595046607	5.26192843395387	0.49983969479871	1.08715525308431	8.50282015806051	2.35445002744079	2.9541339031517	bac	bacOTU_44
bacOTU_12	3.03864417060321	13.8356118736647	1.73047730031071	1.7374961810225	1.23629819239681	3.52365840654913	1.14911623757575	10.5105911939321	1.47711695157585	bac	bacOTU_12
bacOTU_208	0.990929620848873	1.32679291939251	0.288496216718452	0.496498908863573	0.447235516398846	1.31206323648106	2.06832922763634	1.51361073192622	1.13626688582758	bac	bacOTU_208
bacOTU_23	1.05698492890546	1.70584803921894	0.0962320722394839	0.198659563545429	0.131610445999661	0.374946638994588	5.28557469284843	1.26135894327185	1.24988357441034	bac	bacOTU_23
bacOTU_29	0.132210616113183	27.4815961874162	0.384628288957936	13.5021503210892	2.02536086839477	4.87310630692965	0.229903247515149	6.47456257546217	1.13626688582758	bac	bacOTU_29
bacOTU_40	7.39829450233825	13.0775016340119	1.44208108359226	1.34037705393165	0.683954319198235	1.38703256427998	19.992982533818	2.5226178865437	6.13540118346892	bac	bacOTU_40
bacOTU_35	0.396431848339549	1.13726535947929	1.34594901135277	1.29073716304529	0.605048051598439	0.749793277989176	0.229903247515149	1.1772750137204	2.27243377165516	bac	bacOTU_35
bacOTU_102	1.32120616113183	1.13726535947929	0.48076036119742	0.0497398908863573	1e-04	1e-04	2.06832922763634	0.0841839295514568	0.909033508662062	bac	bacOTU_102
bacOTU_14	7.13407327011189	36.1998639434241	0.865288650155355	0.645418581522645	0.0790062675997964	0.449915966793506	63.195993066666	6.2223107868078	11.9298523011896	bac	bacOTU_14
bacOTU_17	12.286387298526	7.77072995644183	0.961420722394839	2.13461530811336	0.578745962398507	1.83684853107348	37.2282260974541	2.18628216833788	18.6332369275723	bac	bacOTU_17
bacOTU_36	10.7010599051678	7.58120239652861	1e-04	0.0497398908863573	0.0264020891999321	0.112553991698376	24.5890474841209	0.0841839295514568	8.86220170945511	bac	bacOTU_36
bacOTU_41	3.17075478671639	5.11734411765681	1.82660937255019	1.78713607190886	1.31520445999661	3.14881176755454	11.7200656232726	4.03612861846993	6.36263456063444	bac	bacOTU_41
bacOTU_64	2.70836763032025	9.28695043574755	9.61330722394839	4.96408908863573	0.578745962398507	2.58654180906266	5.51537794036358	5.04513577308741	2.04520039448964	bac	bacOTU_64
bacOTU_91	2.3780910900373	5.68592679739646	1.73047730031071	1.24109727215893	1.34150654919654	1.01218592528539	9.88163964315141	5.63372327994761	6.81710131496547	bac	bacOTU_91
bacOTU_112	3.76525255922572	3.79065119826431	1.44208108359226	0.695058472409002	0.710256408398168	1.68690987547565	8.27301691054536	3.19528932295536	3.86306741181377	bac	bacOTU_112
bacOTU_146	0.198265924169775	4.73828899783038	0.288496216718452	0.198659563545429	0.263120891999321	0.0750693277989176	0.229903247515149	2.77486967519807	0.113716688582758	bac	bacOTU_146
bacOTU_18	0.198265924169775	32.7883678649863	0.0962320722394839	0.0993797817727146	1e-04	0.0375846638994588	4.36636170278783	5.38147149129323	0.227333377165516	bac	bacOTU_18
bacOTU_369	3.23681009477299	7.77072995644183	2.88406216718452	2.68065410786329	0.920673121997625	1.19960924478268	6.89419742545447	3.44754111160973	2.61328383740343	bac	bacOTU_369
bacOTU_61	2.44414639809389	8.7183677560079	2.11500558926865	1.34037705393165	1.10478774639715	1.2745785725816	10.5710493856969	2.69078574564662	3.86306741181377	bac	bacOTU_61
bacOTU_69	0.396431848339549	0.189627559913215	2.30726973374761	0.695058472409002	0.605048051598439	0.862247269687553	6.66439417793932	1e-04	0.454566754331031	bac	bacOTU_69
bacOTU_72	1.05698492890546	1.32679291939251	0.384628288957936	0.0993797817727146	0.0790062675997964	0.150038655597835	2.06832922763634	0.25235178865437	2.04520039448964	bac	bacOTU_72
bacOTU_77	2.11386985781093	9.66600555557398	4.32604325077678	6.40364592434009	1.28890237079667	2.77396512855995	3.44714871272723	6.72681436411654	5.34008436338962	bac	bacOTU_77
bacOTU_81	2.17992516586752	3.79065119826431	1.15368486687381	0.645418581522645	0.789162675997964	2.47408781736428	6.20478768290902	1.59769466147768	4.09030078897928	bac	bacOTU_81
bacOTU_97	1.91570393364115	6.44403703704932	5.3834960454111	2.28353498077244	2.10426713599457	1.19960924478268	0.919312990060596	5.54963935039615	4.54476754331031	bac	bacOTU_97
bacOTU_109	3.69919725116913	10.4241157952268	5.47962811765058	2.48209454431786	1.42041281679634	3.07384243975562	83.1888756004839	4.03612861846993	14.2021860728447	bac	bacOTU_109
bacOTU_117	0.792763696679099	0.568682679739646	0.576892433436903	0.0993797817727146	0.157912535199593	0.412431302894047	1.83852598012119	0.504603577308741	1.13626688582758	bac	bacOTU_117
bacOTU_133	1.45331677724501	2.08490315904537	1.44208108359226	0.943257926840788	1.23629819239681	2.81144979245941	4.82596819781813	2.27036609788933	4.09030078897928	bac	bacOTU_133
bacOTU_24	3.63314194311253	12.5089189542722	3.17245838390297	3.67345192559044	4.15583009358928	10.8706525308431	21.8314085139392	10.678759053035	16.7017532216654	bac	bacOTU_24
bacOTU_30	0.924874312792282	2.27443071895858	6.05642055108749	1.53893661747708	1.05218356799729	2.17421050616861	6.20478768290902	1.42952680237477	7.95326820079305	bac	bacOTU_30
bacOTU_340	2.84047824643344	11.1822260348797	2.59566595046607	1.09217759949986	0.631350140798371	0.374946638994588	9.19222990060596	2.69078574564662	2.27243377165516	bac	bacOTU_340
bacOTU_39	0.924874312792282	5.87545435730967	1.44208108359226	6.10580657902195	0.631350140798371	0.487400630692965	0.229903247515149	3.27937325250682	0.568183442913789	bac	bacOTU_39
bacOTU_46	0.462487156396141	0.189627559913215	2.4034018059871	1.19145738127258	0.578745962398507	1.01218592528539	1.37891948509089	1e-04	0.227333377165516	bac	bacOTU_46
bacOTU_47	0.660653080565915	4.16970631809074	0.288496216718452	0.347579236204501	0.131610445999661	0.112553991698376	6.66439417793932	1.09319108416894	0.795416820079305	bac	bacOTU_47
bacOTU_63	3.03864417060321	3.03254095861145	0.673024505676387	0.893618035954431	0.789162675997964	2.58654180906266	17.4651468111513	1.93403037968351	8.63496833228959	bac	bacOTU_63
bacOTU_67	0.528542464452732	1.51632047930572	0.769156577915871	0.446859017977216	1.52562117359606	1.31206323648106	1.60872273260604	1.1772750137204	1.81796701732412	bac	bacOTU_67
bacOTU_83	1.78359331752797	1.13726535947929	0.192364144478968	0.297939345318144	0.184214624399525	0.29997731119567	1.60872273260604	0.25235178865437	1.70435032874137	bac	bacOTU_83
bacOTU_89	1.32120616113183	1.51632047930572	0.0962320722394839	0.198659563545429	0.157912535199593	0.487400630692965	9.42203314812111	0.756855365963111	5.1128509862241	bac	bacOTU_89
bacOTU_103	3.56708663505594	10.6136433551401	0.961420722394839	0.347579236204501	0.447235516398846	0.487400630692965	17.2353435636362	2.60670181609516	3.06775059173446	bac	bacOTU_103
bacOTU_105	1.05698492890546	1.32679291939251	0.576892433436903	0.54613879974993	0.236818802799389	0.862247269687553	4.59616495030298	0.336435718205827	2.49966714882067	bac	bacOTU_105
bacOTU_135	0.792763696679099	0.568682679739646	0.192364144478968	0.149019672659072	0.184214624399525	0.524885294592423	1.60872273260604	0.336435718205827	1.24988357441034	bac	bacOTU_135
bacOTU_145	0.132210616113183	3.98017875817752	0.576892433436903	0.843978145068074	0.105308356799729	0.112553991698376	0.229903247515149	3.36345718205827	4.54476754331031	bac	bacOTU_145
bacOTU_165	0.0661553080565915	8.7183677560079	1e-04	0.54613879974993	0.289422981199253	0.0750693277989176	0.229903247515149	0.672771436411654	1.02265019724482	bac	bacOTU_165
bacOTU_176	0.330376540282958	1.13726535947929	0.192364144478968	0.0993797817727146	0.105308356799729	0.112553991698376	1.37891948509089	0.336435718205827	0.454566754331031	bac	bacOTU_176
bacOTU_205	0.264321232226366	3.22206851852466	0.961420722394839	0.744698363295359	0.841766854397828	1.57445588377727	0.689509742545447	1.51361073192622	0.795416820079305	bac	bacOTU_205
bacOTU_21	6.2753542653762	25.3967930283709	2.30726973374761	0.843978145068074	1.97275668999491	3.56114307044859	21.1419987713937	9.50158403931462	18.292386861824	bac	bacOTU_21
bacOTU_242	1.25515085307524	19.5214386710612	7.7867978513982	1.83677596279522	0.683954319198235	1.19960924478268	7.12400067296962	13.2012769395787	8.0668848893758	bac	bacOTU_242
bacOTU_31	4.49186094784822	4.54876143791717	0.48076036119742	0.297939345318144	0.236818802799389	0.749793277989176	20.6823922763634	1.1772750137204	14.8838862043413	bac	bacOTU_31
bacOTU_314	0.85881900473569	2.08490315904537	0.961420722394839	0.54613879974993	0.447235516398846	0.862247269687553	1.37891948509089	1.34544287282331	1.59073364015861	bac	bacOTU_314
bacOTU_33	2.24598047392411	3.98017875817752	0.48076036119742	0.496498908863573	0.841766854397828	4.34832101233722	5.28557469284843	2.10219823878642	10.2256019724482	bac	bacOTU_33
bacOTU_43	2.3780910900373	1.89537559913215	1e-04	0.0993797817727146	0.0527041783998643	0.0375846638994588	4.82596819781813	1.09319108416894	5.90816780630341	bac	bacOTU_43
bacOTU_474	0.462487156396141	0.379155119826431	0.0962320722394839	0.248299454431786	0.0264020891999321	0.187523319497294	1.14911623757575	0.168267859102914	0.454566754331031	bac	bacOTU_474
bacOTU_51	2.3780910900373	10.9926984749665	1.44208108359226	0.446859017977216	0.394631337998982	0.6373392862908	14.0180980984241	1.59769466147768	2.61328383740343	bac	bacOTU_51
bacOTU_599	0.660653080565915	2.27443071895858	0.384628288957936	0.297939345318144	0.131610445999661	0.29997731119567	1.83852598012119	0.925023225066025	0.909033508662062	bac	bacOTU_599
bacOTU_699	0.0661553080565915	4.16970631809074	0.0962320722394839	3.92165138002223	0.0264020891999321	0.0750693277989176	1e-04	3.19528932295536	0.909033508662062	bac	bacOTU_699
bacOTU_75	4.22763971562186	5.87545435730967	0.576892433436903	0.248299454431786	0.657652229998303	0.787277941888635	15.8565240785453	1.68177859102914	3.63583403464825	bac	bacOTU_75
bacOTU_76	1.38726146918842	23.1224623094123	3.26859045614245	1.63821639924979	2.1305692251945	2.5490571451632	5.97498443539387	15.9760466147768	7.15795138071374	bac	bacOTU_76
bacOTU_78	0.132210616113183	0.758210239652861	0.48076036119742	0.198659563545429	0.420933427198914	0.487400630692965	1e-04	0.925023225066025	0.340950065748273	bac	bacOTU_78
bacOTU_846	0.462487156396141	0.379155119826431	0.288496216718452	0.149019672659072	0.157912535199593	0.262492647296212	0.459706495030298	0.336435718205827	0.568183442913789	bac	bacOTU_846
bacOTU_85	1.32120616113183	14.972777233144	1.05755279463432	4.26913061622673	1.84124624399525	2.02427185057078	6.43459093042417	16.564634121637	4.43115085472755	bac	bacOTU_85
bacOTU_86	5.02030341230096	2.65348583878502	0.0962320722394839	0.149019672659072	0.0790062675997964	0.337461975095129	6.43459093042417	0.168267859102914	6.70348462638271	bac	bacOTU_86
bacOTU_880	0.264321232226366	1.51632047930572	0.673024505676387	0.198659563545429	0.184214624399525	3.44868907875021	1e-04	0.588687506860198	4.99923429764134	bac	bacOTU_880
bacOTU_93	0.528542464452732	0.568682679739646	0.192364144478968	0.0993797817727146	0.0790062675997964	0.150038655597835	1.14911623757575	0.420519647757284	0.909033508662062	bac	bacOTU_93
bacOTU_933	0.594597772509324	1.89537559913215	0.384628288957936	0.198659563545429	0.0264020891999321	0.187523319497294	0.919312990060596	1.26135894327185	0.568183442913789	bac	bacOTU_933
bacOTU_100	0.396431848339549	1.89537559913215	0.48076036119742	0.446859017977216	0.0790062675997964	0.0375846638994588	1.14911623757575	0.25235178865437	0.568183442913789	bac	bacOTU_100
bacOTU_101	0.264321232226366	1.32679291939251	0.192364144478968	0.744698363295359	0.0790062675997964	0.374946638994588	0.919312990060596	0.420519647757284	0.568183442913789	bac	bacOTU_101
bacOTU_106	0.264321232226366	0.379155119826431	0.288496216718452	0.248299454431786	0.157912535199593	0.374946638994588	0.689509742545447	0.420519647757284	1.24988357441034	bac	bacOTU_106
bacOTU_108	0.462487156396141	0.379155119826431	0.0962320722394839	0.0497398908863573	0.0527041783998643	0.112553991698376	0.919312990060596	0.168267859102914	0.454566754331031	bac	bacOTU_108
bacOTU_111	0.198265924169775	1.32679291939251	3.07632631166349	0.0497398908863573	0.105308356799729	0.0750693277989176	0.919312990060596	0.336435718205827	0.227333377165516	bac	bacOTU_111
bacOTU_114	0.330376540282958	3.79065119826431	0.384628288957936	0.0993797817727146	0.0790062675997964	0.225007983396753	1.37891948509089	4.37246433667575	2.27243377165516	bac	bacOTU_114
bacOTU_116	0.198265924169775	1.32679291939251	0.288496216718452	1.98569563545429	0.0790062675997964	0.150038655597835	1.14911623757575	0.588687506860198	0.227333377165516	bac	bacOTU_116
bacOTU_119	0.396431848339549	2.08490315904537	0.384628288957936	0.347579236204501	0.184214624399525	0.524885294592423	1.14911623757575	0.672771436411654	0.454566754331031	bac	bacOTU_119
bacOTU_121	0.594597772509324	0.568682679739646	0.48076036119742	0.149019672659072	0.184214624399525	0.562369958491882	0.689509742545447	0.25235178865437	0.909033508662062	bac	bacOTU_121
bacOTU_123	0.396431848339549	1.13726535947929	0.48076036119742	0.496498908863573	0.210516713599457	0.374946638994588	1.60872273260604	0.504603577308741	1.02265019724482	bac	bacOTU_123
bacOTU_124	0.396431848339549	3.60112363835109	1.15368486687381	2.28353498077244	1.10478774639715	0.374946638994588	0.229903247515149	2.60670181609516	0.454566754331031	bac	bacOTU_124
bacOTU_126	0.330376540282958	0.947737799566077	0.384628288957936	0.0497398908863573	0.36832924879905	0.412431302894047	0.229903247515149	0.756855365963111	0.681800131496547	bac	bacOTU_126
bacOTU_127	0.594597772509324	0.568682679739646	0.288496216718452	0.0993797817727146	0.184214624399525	0.374946638994588	1.37891948509089	0.25235178865437	1.02265019724482	bac	bacOTU_127
bacOTU_128	1.91570393364115	1.70584803921894	0.192364144478968	0.198659563545429	0.184214624399525	0.562369958491882	9.88163964315141	0.420519647757284	8.52135164370683	bac	bacOTU_128
bacOTU_132	0.264321232226366	0.568682679739646	0.0962320722394839	0.0497398908863573	0.0264020891999321	0.0750693277989176	1.37891948509089	0.0841839295514568	0.909033508662062	bac	bacOTU_132
bacOTU_134	1.32120616113183	2.65348583878502	0.865288650155355	0.695058472409002	0.315725070399186	1.04967058918485	1.37891948509089	1.59769466147768	4.54476754331031	bac	bacOTU_134
bacOTU_143	0.396431848339549	0.379155119826431	0.0962320722394839	0.0993797817727146	0.0790062675997964	0.150038655597835	0.919312990060596	0.336435718205827	0.909033508662062	bac	bacOTU_143
bacOTU_147	0.924874312792282	4.35923387800395	0.192364144478968	0.446859017977216	0.157912535199593	0.0750693277989176	2.75773897018179	1.34544287282331	1.47711695157585	bac	bacOTU_147
bacOTU_15	1.51937208530161	2.65348583878502	1.05755279463432	1.24109727215893	0.815464765197896	2.92390378415779	6.66439417793932	0.420519647757284	7.38518475787926	bac	bacOTU_15
bacOTU_160	0.462487156396141	0.189627559913215	0.288496216718452	0.0497398908863573	0.131610445999661	0.112553991698376	0.689509742545447	0.0841839295514568	0.795416820079305	bac	bacOTU_160
bacOTU_164	0.330376540282958	0.189627559913215	0.192364144478968	0.0497398908863573	0.0527041783998643	0.262492647296212	0.459706495030298	0.168267859102914	0.568183442913789	bac	bacOTU_164
bacOTU_171	1.32120616113183	9.47647799566077	0.0962320722394839	0.0993797817727146	0.0790062675997964	0.262492647296212	1.14911623757575	3.1112053934039	3.74945072323101	bac	bacOTU_171
bacOTU_177	0.396431848339549	0.758210239652861	0.192364144478968	0.0993797817727146	0.105308356799729	0.112553991698376	1.60872273260604	0.168267859102914	0.681800131496547	bac	bacOTU_177
bacOTU_179	0.198265924169775	0.568682679739646	1e-04	0.0993797817727146	0.0264020891999321	0.0375846638994588	1.37891948509089	0.0841839295514568	0.113716688582758	bac	bacOTU_179
bacOTU_183	0.594597772509324	0.947737799566077	0.192364144478968	0.0497398908863573	0.157912535199593	0.187523319497294	1.83852598012119	0.0841839295514568	0.681800131496547	bac	bacOTU_183
bacOTU_187	0.198265924169775	0.379155119826431	0.0962320722394839	0.0497398908863573	0.0527041783998643	0.262492647296212	0.459706495030298	0.168267859102914	0.113716688582758	bac	bacOTU_187
bacOTU_197	0.792763696679099	1.32679291939251	0.673024505676387	0.297939345318144	0.263120891999321	0.412431302894047	2.29813247515149	0.588687506860198	0.795416820079305	bac	bacOTU_197
bacOTU_198	0.330376540282958	0.379155119826431	0.192364144478968	0.0497398908863573	0.0264020891999321	0.0375846638994588	0.459706495030298	1e-04	0.681800131496547	bac	bacOTU_198
bacOTU_200	0.198265924169775	0.568682679739646	0.384628288957936	0.0993797817727146	0.0790062675997964	0.225007983396753	0.459706495030298	0.168267859102914	0.454566754331031	bac	bacOTU_200
bacOTU_203	1.65148270141479	1.32679291939251	1e-04	0.0993797817727146	0.0527041783998643	0.150038655597835	1.83852598012119	0.336435718205827	1.24988357441034	bac	bacOTU_203
bacOTU_204	0.330376540282958	0.758210239652861	0.288496216718452	0.149019672659072	0.105308356799729	0.29997731119567	0.459706495030298	0.336435718205827	0.454566754331031	bac	bacOTU_204
bacOTU_207	0.264321232226366	0.568682679739646	0.288496216718452	0.0993797817727146	0.157912535199593	0.29997731119567	1.14911623757575	0.336435718205827	0.795416820079305	bac	bacOTU_207
bacOTU_209	0.726708388622507	1.51632047930572	0.576892433436903	0.347579236204501	0.342027159599118	1.01218592528539	1.83852598012119	1.51361073192622	8.63496833228959	bac	bacOTU_209
bacOTU_212	0.792763696679099	0.758210239652861	0.192364144478968	0.0497398908863573	0.157912535199593	0.112553991698376	0.459706495030298	0.420519647757284	0.681800131496547	bac	bacOTU_212
bacOTU_215	0.198265924169775	0.568682679739646	0.288496216718452	0.198659563545429	0.210516713599457	0.225007983396753	0.229903247515149	0.25235178865437	0.227333377165516	bac	bacOTU_215
bacOTU_221	0.132210616113183	0.189627559913215	0.192364144478968	0.0993797817727146	0.0527041783998643	0.112553991698376	1e-04	1e-04	0.227333377165516	bac	bacOTU_221
bacOTU_223	0.264321232226366	0.189627559913215	0.0962320722394839	0.149019672659072	0.0264020891999321	0.150038655597835	0.459706495030298	0.0841839295514568	0.681800131496547	bac	bacOTU_223
bacOTU_224	0.594597772509324	1.32679291939251	0.0962320722394839	0.0497398908863573	0.0264020891999321	0.0750693277989176	1.83852598012119	0.0841839295514568	0.681800131496547	bac	bacOTU_224
bacOTU_228	1.32120616113183	2.27443071895858	0.288496216718452	0.149019672659072	0.105308356799729	0.0375846638994588	2.06832922763634	0.925023225066025	1.13626688582758	bac	bacOTU_228
bacOTU_229	1.05698492890546	3.60112363835109	0.865288650155355	0.297939345318144	0.289422981199253	0.187523319497294	4.36636170278783	1.42952680237477	1.24988357441034	bac	bacOTU_229
bacOTU_236	0.528542464452732	0.189627559913215	0.0962320722394839	0.446859017977216	0.263120891999321	0.412431302894047	0.459706495030298	1e-04	0.340950065748273	bac	bacOTU_236
bacOTU_237	0.132210616113183	0.189627559913215	0.0962320722394839	0.0993797817727146	0.105308356799729	0.374946638994588	0.229903247515149	0.0841839295514568	0.113716688582758	bac	bacOTU_237
bacOTU_239	0.0661553080565915	0.189627559913215	1e-04	1e-04	0.0264020891999321	0.0375846638994588	0.229903247515149	0.0841839295514568	0.113716688582758	bac	bacOTU_239
bacOTU_245	0.0661553080565915	0.189627559913215	0.0962320722394839	0.0497398908863573	0.0264020891999321	0.0375846638994588	0.229903247515149	0.0841839295514568	1e-04	bac	bacOTU_245
bacOTU_246	0.198265924169775	0.379155119826431	0.0962320722394839	1e-04	0.0264020891999321	0.112553991698376	0.689509742545447	0.0841839295514568	0.227333377165516	bac	bacOTU_246
bacOTU_271	0.264321232226366	0.568682679739646	0.192364144478968	1e-04	0.131610445999661	0.225007983396753	0.229903247515149	0.420519647757284	0.681800131496547	bac	bacOTU_271
bacOTU_274	0.330376540282958	0.947737799566077	0.288496216718452	0.248299454431786	0.184214624399525	0.112553991698376	1.60872273260604	0.168267859102914	0.454566754331031	bac	bacOTU_274
bacOTU_294	0.132210616113183	1e-04	0.0962320722394839	0.0497398908863573	0.0527041783998643	0.0375846638994588	1e-04	0.0841839295514568	0.113716688582758	bac	bacOTU_294
bacOTU_300	0.198265924169775	1.70584803921894	0.576892433436903	0.0497398908863573	0.105308356799729	0.0375846638994588	2.29813247515149	0.420519647757284	0.340950065748273	bac	bacOTU_300
bacOTU_309	0.726708388622507	2.65348583878502	0.576892433436903	0.297939345318144	0.49983969479871	0.412431302894047	3.21734546521209	0.504603577308741	1.81796701732412	bac	bacOTU_309
bacOTU_310	0.132210616113183	0.758210239652861	0.288496216718452	0.0497398908863573	0.210516713599457	0.599854622391341	0.229903247515149	0.672771436411654	0.227333377165516	bac	bacOTU_310
bacOTU_331	0.330376540282958	0.568682679739646	0.0962320722394839	0.149019672659072	0.210516713599457	0.337461975095129	0.459706495030298	0.504603577308741	0.340950065748273	bac	bacOTU_331
bacOTU_337	0.198265924169775	0.379155119826431	0.288496216718452	0.149019672659072	0.105308356799729	0.262492647296212	0.689509742545447	0.168267859102914	0.795416820079305	bac	bacOTU_337
bacOTU_34	17.3726460188836	27.8606513072427	5.28736397317161	3.7230918164768	1.73603788719552	4.23586702063885	51.4760274433934	9.24933225066025	44.4242252358583	bac	bacOTU_34
bacOTU_358	0.462487156396141	0.379155119826431	1e-04	0.0497398908863573	1e-04	0.0750693277989176	1.60872273260604	0.168267859102914	0.340950065748273	bac	bacOTU_358
bacOTU_375	0.264321232226366	0.758210239652861	0.0962320722394839	0.149019672659072	0.0790062675997964	0.0750693277989176	0.919312990060596	1e-04	0.227333377165516	bac	bacOTU_375
bacOTU_38	0.198265924169775	21.6062418301065	0.288496216718452	0.446859017977216	0.210516713599457	3.71108172604642	1e-04	16.7328019807399	10.4528353496137	bac	bacOTU_38
bacOTU_396	0.198265924169775	0.568682679739646	0.0962320722394839	0.149019672659072	0.184214624399525	0.712308614089717	0.689509742545447	0.420519647757284	0.340950065748273	bac	bacOTU_396
bacOTU_420	1e-04	0.189627559913215	1e-04	0.0497398908863573	0.0790062675997964	0.0375846638994588	0.229903247515149	0.0841839295514568	0.340950065748273	bac	bacOTU_420
bacOTU_442	0.132210616113183	0.189627559913215	1e-04	0.0497398908863573	0.0527041783998643	0.0375846638994588	0.229903247515149	1e-04	0.340950065748273	bac	bacOTU_442
bacOTU_543	0.264321232226366	0.189627559913215	0.0962320722394839	1e-04	0.0527041783998643	0.0750693277989176	0.229903247515149	0.0841839295514568	0.113716688582758	bac	bacOTU_543
bacOTU_549	0.792763696679099	2.08490315904537	0.48076036119742	1.19145738127258	0.131610445999661	0.412431302894047	2.75773897018179	0.672771436411654	1.24988357441034	bac	bacOTU_549
bacOTU_56	1.91570393364115	8.7183677560079	2.88406216718452	1.88641585368158	1.78864206559539	1.76187920327456	7.12400067296962	3.61570897071264	6.13540118346892	bac	bacOTU_56
bacOTU_57	0.924874312792282	0.947737799566077	0.288496216718452	0.496498908863573	0.184214624399525	0.412431302894047	1.14911623757575	0.588687506860198	1.47711695157585	bac	bacOTU_57
bacOTU_573	1e-04	0.379155119826431	1e-04	0.0497398908863573	0.0527041783998643	0.150038655597835	0.229903247515149	0.0841839295514568	0.113716688582758	bac	bacOTU_573
bacOTU_577	0.198265924169775	0.189627559913215	0.288496216718452	0.0497398908863573	0.0264020891999321	0.225007983396753	0.229903247515149	0.0841839295514568	0.340950065748273	bac	bacOTU_577
bacOTU_58	0.198265924169775	1.32679291939251	0.961420722394839	0.347579236204501	0.315725070399186	0.524885294592423	1e-04	0.672771436411654	0.681800131496547	bac	bacOTU_58
bacOTU_60	2.3120357819807	17.0575803921894	0.961420722394839	0.496498908863573	0.473537605598778	0.712308614089717	12.8690818608483	13.5376126577845	5.56731774055513	bac	bacOTU_60
bacOTU_65	0.924874312792282	2.08490315904537	0.288496216718452	0.248299454431786	0.184214624399525	0.487400630692965	4.36636170278783	0.588687506860198	1.59073364015861	bac	bacOTU_65
bacOTU_656	0.198265924169775	0.379155119826431	0.0962320722394839	0.0497398908863573	0.0527041783998643	0.150038655597835	0.229903247515149	0.0841839295514568	0.227333377165516	bac	bacOTU_656
bacOTU_667	0.198265924169775	1.32679291939251	0.288496216718452	0.496498908863573	0.210516713599457	0.487400630692965	0.229903247515149	1.09319108416894	0.340950065748273	bac	bacOTU_667
bacOTU_68	0.0661553080565915	4.16970631809074	0.673024505676387	0.347579236204501	0.236818802799389	0.150038655597835	2.75773897018179	2.69078574564662	0.681800131496547	bac	bacOTU_68
bacOTU_79	0.924874312792282	3.03254095861145	0.48076036119742	0.297939345318144	0.49983969479871	0.487400630692965	10.5710493856969	2.10219823878642	3.74945072323101	bac	bacOTU_79
bacOTU_80	2.57625701420707	5.49639923748324	0.769156577915871	0.595778690636288	2.23577758199423	3.41120441485075	2.52793572266664	4.45654826622721	4.88561760905859	bac	bacOTU_80
bacOTU_813	0.0661553080565915	0.189627559913215	0.0962320722394839	0.0497398908863573	0.184214624399525	0.262492647296212	0.459706495030298	0.25235178865437	0.340950065748273	bac	bacOTU_813
bacOTU_817	0.330376540282958	7.58120239652861	1e-04	0.248299454431786	0.105308356799729	0.0375846638994588	2.29813247515149	1.34544287282331	0.909033508662062	bac	bacOTU_817
bacOTU_82	1.12304023696206	2.4639582788718	0.192364144478968	0.149019672659072	3.86650711239002	0.262492647296212	0.459706495030298	1.42952680237477	3.52221734606549	bac	bacOTU_82
bacOTU_84	0.330376540282958	26.5339583878501	0.384628288957936	3.52453225293137	0.210516713599457	1.34954790038052	1.14911623757575	3.19528932295536	0.909033508662062	bac	bacOTU_84
bacOTU_853	0.330376540282958	0.189627559913215	0.0962320722394839	0.0993797817727146	0.0264020891999321	0.150038655597835	0.459706495030298	0.0841839295514568	0.568183442913789	bac	bacOTU_853
bacOTU_879	0.132210616113183	0.758210239652861	0.288496216718452	0.0993797817727146	0.105308356799729	0.187523319497294	0.459706495030298	0.336435718205827	0.227333377165516	bac	bacOTU_879
bacOTU_88	4.42580563979163	4.35923387800395	0.48076036119742	0.496498908863573	0.36832924879905	1.42451722817943	20.9121955238786	1.09319108416894	8.29411826654132	bac	bacOTU_88
bacOTU_90	1.71753800947138	5.30687167757003	0.576892433436903	0.397219127090858	0.0790062675997964	0.449915966793506	4.59616495030298	1.34544287282331	1.59073364015861	bac	bacOTU_90
bacOTU_92	0.264321232226366	0.379155119826431	0.0962320722394839	0.0497398908863573	0.0264020891999321	0.0750693277989176	2.29813247515149	0.0841839295514568	2.49966714882067	bac	bacOTU_92
bacOTU_921	1e-04	0.947737799566077	0.288496216718452	0.347579236204501	0.552443873198575	0.112553991698376	0.229903247515149	0.840939295514568	0.454566754331031	bac	bacOTU_921
bacOTU_95	0.726708388622507	1.13726535947929	0.48076036119742	0.149019672659072	0.210516713599457	0.449915966793506	1.14911623757575	0.672771436411654	1.24988357441034	bac	bacOTU_95
bacOTU_96	1.51937208530161	2.08490315904537	1.15368486687381	0.992897817727146	0.605048051598439	0.674823950190259	6.43459093042417	0.756855365963111	3.29498396889998	bac	bacOTU_96
bacOTU_98	0.792763696679099	2.4639582788718	0.673024505676387	0.248299454431786	0.0790062675997964	1e-04	0.229903247515149	0.588687506860198	0.454566754331031	bac	bacOTU_98
bacOTU_99	0.264321232226366	0.568682679739646	0.0962320722394839	0.0497398908863573	0.0527041783998643	0.0750693277989176	3.90675520775753	0.0841839295514568	1.47711695157585	bac	bacOTU_99
bacOTU_1001	0.198265924169775	0.758210239652861	0.192364144478968	0.149019672659072	0.131610445999661	0.150038655597835	1e-04	0.672771436411654	0.568183442913789	bac	bacOTU_1001
bacOTU_1009	1e-04	0.379155119826431	0.192364144478968	0.0497398908863573	0.0790062675997964	0.112553991698376	0.229903247515149	0.168267859102914	0.340950065748273	bac	bacOTU_1009
bacOTU_1013	0.528542464452732	6.06498191722289	0.192364144478968	0.0993797817727146	0.0790062675997964	0.150038655597835	4.36636170278783	2.01811430923496	1.02265019724482	bac	bacOTU_1013
bacOTU_1014	0.0661553080565915	0.189627559913215	0.0962320722394839	1e-04	0.0264020891999321	0.0375846638994588	0.229903247515149	0.0841839295514568	1e-04	bac	bacOTU_1014
bacOTU_1022	0.264321232226366	0.189627559913215	1e-04	0.0497398908863573	0.0527041783998643	0.0750693277989176	1.14911623757575	1e-04	1.36350026299309	bac	bacOTU_1022
bacOTU_1038	0.0661553080565915	0.189627559913215	1e-04	0.0497398908863573	0.0264020891999321	0.0750693277989176	0.229903247515149	1e-04	0.113716688582758	bac	bacOTU_1038
bacOTU_104	2.84047824643344	2.65348583878502	0.0962320722394839	0.0993797817727146	0.236818802799389	0.225007983396753	0.919312990060596	1.68177859102914	2.49966714882067	bac	bacOTU_104
bacOTU_107	0.0661553080565915	0.189627559913215	1e-04	1e-04	0.0264020891999321	0.112553991698376	0.229903247515149	0.0841839295514568	0.454566754331031	bac	bacOTU_107
bacOTU_110	0.0661553080565915	3.79065119826431	0.48076036119742	0.297939345318144	1.20999610319688	2.24917983396753	1e-04	2.5226178865437	1.13626688582758	bac	bacOTU_110
bacOTU_113	0.0661553080565915	5.11734411765681	1e-04	0.0497398908863573	0.157912535199593	0.187523319497294	0.229903247515149	0.672771436411654	0.340950065748273	bac	bacOTU_113
bacOTU_118	0.528542464452732	0.758210239652861	0.48076036119742	0.843978145068074	0.315725070399186	1.64942521157619	1.14911623757575	0.588687506860198	1.70435032874137	bac	bacOTU_118
bacOTU_120	1.12304023696206	2.27443071895858	0.0962320722394839	0.149019672659072	1e-04	0.0750693277989176	2.98754221769694	0.336435718205827	0.454566754331031	bac	bacOTU_120
bacOTU_122	2.84047824643344	0.568682679739646	0.0962320722394839	1e-04	0.0264020891999321	1e-04	0.689509742545447	0.168267859102914	0.113716688582758	bac	bacOTU_122
bacOTU_125	0.396431848339549	1.70584803921894	0.288496216718452	0.149019672659072	0.184214624399525	0.225007983396753	0.229903247515149	2.01811430923496	0.568183442913789	bac	bacOTU_125
bacOTU_131	0.726708388622507	1.70584803921894	0.865288650155355	0.198659563545429	0.315725070399186	0.262492647296212	1.83852598012119	0.925023225066025	0.909033508662062	bac	bacOTU_131
bacOTU_138	0.330376540282958	0.189627559913215	0.192364144478968	0.0993797817727146	0.0264020891999321	0.0375846638994588	0.919312990060596	0.0841839295514568	0.568183442913789	bac	bacOTU_138
bacOTU_140	0.0661553080565915	0.568682679739646	0.0962320722394839	3.07777323495415	0.342027159599118	0.187523319497294	0.229903247515149	0.672771436411654	0.113716688582758	bac	bacOTU_140
bacOTU_142	0.792763696679099	2.27443071895858	0.0962320722394839	0.0993797817727146	0.0264020891999321	0.0375846638994588	2.52793572266664	0.25235178865437	0.227333377165516	bac	bacOTU_142
bacOTU_144	0.198265924169775	0.568682679739646	0.769156577915871	0.198659563545429	0.289422981199253	0.29997731119567	1e-04	0.0841839295514568	0.340950065748273	bac	bacOTU_144
bacOTU_148	1e-04	1.70584803921894	0.192364144478968	0.198659563545429	0.131610445999661	0.0750693277989176	0.229903247515149	0.336435718205827	0.454566754331031	bac	bacOTU_148
bacOTU_149	0.264321232226366	0.758210239652861	1e-04	1e-04	0.0264020891999321	0.0375846638994588	0.689509742545447	0.0841839295514568	0.227333377165516	bac	bacOTU_149
bacOTU_150	0.990929620848873	0.758210239652861	0.288496216718452	0.149019672659072	0.131610445999661	0.824762605788094	1.14911623757575	0.420519647757284	1.24988357441034	bac	bacOTU_150
bacOTU_151	0.0661553080565915	0.568682679739646	0.0962320722394839	0.0497398908863573	0.0264020891999321	1e-04	0.459706495030298	0.25235178865437	1e-04	bac	bacOTU_151
bacOTU_153	0.198265924169775	0.189627559913215	1e-04	1e-04	0.0264020891999321	0.0375846638994588	2.06832922763634	0.0841839295514568	1.24988357441034	bac	bacOTU_153
bacOTU_154	0.264321232226366	1.13726535947929	0.192364144478968	0.0993797817727146	0.157912535199593	0.150038655597835	0.229903247515149	0.420519647757284	0.795416820079305	bac	bacOTU_154
bacOTU_155	0.198265924169775	0.568682679739646	0.48076036119742	0.149019672659072	0.105308356799729	0.150038655597835	0.689509742545447	0.25235178865437	0.909033508662062	bac	bacOTU_155
bacOTU_159	0.198265924169775	0.568682679739646	0.288496216718452	0.198659563545429	0.289422981199253	0.337461975095129	0.459706495030298	0.336435718205827	0.568183442913789	bac	bacOTU_159
bacOTU_163	0.198265924169775	0.189627559913215	0.192364144478968	0.0497398908863573	0.0790062675997964	0.262492647296212	0.919312990060596	0.0841839295514568	1.02265019724482	bac	bacOTU_163
bacOTU_168	0.198265924169775	0.189627559913215	1e-04	0.248299454431786	0.0264020891999321	0.0750693277989176	0.229903247515149	1e-04	0.113716688582758	bac	bacOTU_168
bacOTU_169	1e-04	0.379155119826431	0.0962320722394839	0.0497398908863573	0.920673121997625	0.0375846638994588	1e-04	0.336435718205827	0.227333377165516	bac	bacOTU_169
bacOTU_170	1.25515085307524	0.947737799566077	0.0962320722394839	1e-04	0.0264020891999321	0.0750693277989176	1.37891948509089	0.0841839295514568	3.40860065748273	bac	bacOTU_170
bacOTU_173	0.198265924169775	0.947737799566077	0.0962320722394839	0.0993797817727146	0.0527041783998643	1e-04	1.83852598012119	0.25235178865437	0.227333377165516	bac	bacOTU_173
bacOTU_175	0.330376540282958	1.32679291939251	0.384628288957936	0.446859017977216	0.131610445999661	0.150038655597835	0.919312990060596	0.336435718205827	0.909033508662062	bac	bacOTU_175
bacOTU_178	0.396431848339549	1.13726535947929	0.192364144478968	0.198659563545429	0.236818802799389	0.187523319497294	0.919312990060596	0.420519647757284	0.681800131496547	bac	bacOTU_178
bacOTU_180	0.396431848339549	0.189627559913215	0.0962320722394839	0.0497398908863573	0.0264020891999321	0.150038655597835	0.919312990060596	1e-04	0.454566754331031	bac	bacOTU_180
bacOTU_182	0.198265924169775	0.379155119826431	0.0962320722394839	0.149019672659072	1.05218356799729	0.225007983396753	1e-04	0.25235178865437	1.02265019724482	bac	bacOTU_182
bacOTU_185	0.132210616113183	0.379155119826431	0.0962320722394839	0.0497398908863573	0.105308356799729	0.112553991698376	1e-04	0.336435718205827	0.340950065748273	bac	bacOTU_185
bacOTU_186	1.18909554501865	0.568682679739646	0.0962320722394839	0.0497398908863573	0.0264020891999321	0.0375846638994588	2.29813247515149	0.0841839295514568	1.36350026299309	bac	bacOTU_186
bacOTU_188	0.396431848339549	0.758210239652861	0.288496216718452	0.397219127090858	0.263120891999321	0.93721659748647	0.689509742545447	0.420519647757284	0.909033508662062	bac	bacOTU_188
bacOTU_192	0.0661553080565915	1e-04	0.0962320722394839	1e-04	0.0264020891999321	0.0750693277989176	0.229903247515149	0.0841839295514568	0.227333377165516	bac	bacOTU_192
bacOTU_194	0.396431848339549	0.568682679739646	0.192364144478968	0.0993797817727146	0.105308356799729	0.150038655597835	0.459706495030298	0.25235178865437	1.36350026299309	bac	bacOTU_194
bacOTU_195	0.396431848339549	0.189627559913215	0.0962320722394839	1e-04	0.0790062675997964	0.412431302894047	0.919312990060596	1e-04	0.340950065748273	bac	bacOTU_195
bacOTU_196	1e-04	1e-04	0.0962320722394839	0.0497398908863573	0.0264020891999321	0.0375846638994588	0.229903247515149	0.0841839295514568	0.113716688582758	bac	bacOTU_196
bacOTU_201	1e-04	0.947737799566077	0.384628288957936	0.149019672659072	0.0790062675997964	0.0750693277989176	1.14911623757575	0.588687506860198	0.681800131496547	bac	bacOTU_201
bacOTU_210	0.198265924169775	0.379155119826431	0.0962320722394839	0.0993797817727146	0.0264020891999321	0.112553991698376	0.459706495030298	0.0841839295514568	0.340950065748273	bac	bacOTU_210
bacOTU_211	0.594597772509324	0.947737799566077	0.0962320722394839	0.0497398908863573	1e-04	0.0375846638994588	2.52793572266664	0.0841839295514568	0.227333377165516	bac	bacOTU_211
bacOTU_213	0.264321232226366	0.758210239652861	0.0962320722394839	0.0993797817727146	0.0527041783998643	1.19960924478268	2.52793572266664	0.168267859102914	1.24988357441034	bac	bacOTU_213
bacOTU_218	0.198265924169775	0.568682679739646	0.288496216718452	0.248299454431786	0.0790062675997964	0.225007983396753	0.919312990060596	0.25235178865437	0.681800131496547	bac	bacOTU_218
bacOTU_220	0.396431848339549	0.758210239652861	0.192364144478968	0.149019672659072	0.0264020891999321	0.112553991698376	2.06832922763634	0.0841839295514568	0.454566754331031	bac	bacOTU_220
bacOTU_227	1e-04	0.189627559913215	0.48076036119742	0.198659563545429	0.447235516398846	0.112553991698376	1e-04	0.420519647757284	0.454566754331031	bac	bacOTU_227
bacOTU_235	0.198265924169775	0.189627559913215	0.288496216718452	0.149019672659072	0.131610445999661	0.262492647296212	1e-04	0.0841839295514568	0.795416820079305	bac	bacOTU_235
bacOTU_243	0.330376540282958	0.947737799566077	0.384628288957936	0.248299454431786	0.210516713599457	0.29997731119567	0.689509742545447	0.672771436411654	0.909033508662062	bac	bacOTU_243
bacOTU_248	0.264321232226366	0.189627559913215	0.0962320722394839	0.0497398908863573	0.0790062675997964	0.262492647296212	0.229903247515149	0.168267859102914	0.113716688582758	bac	bacOTU_248
bacOTU_250	0.132210616113183	0.568682679739646	1e-04	0.0497398908863573	0.0527041783998643	0.150038655597835	1.37891948509089	0.336435718205827	0.113716688582758	bac	bacOTU_250
bacOTU_253	0.0661553080565915	1e-04	0.192364144478968	0.149019672659072	0.105308356799729	0.599854622391341	1e-04	0.0841839295514568	0.227333377165516	bac	bacOTU_253
bacOTU_254	0.396431848339549	0.758210239652861	0.0962320722394839	0.0497398908863573	0.105308356799729	0.0375846638994588	0.459706495030298	0.25235178865437	0.113716688582758	bac	bacOTU_254
bacOTU_259	0.132210616113183	0.189627559913215	0.0962320722394839	0.0497398908863573	0.157912535199593	0.0375846638994588	1e-04	0.336435718205827	0.568183442913789	bac	bacOTU_259
bacOTU_263	0.132210616113183	0.189627559913215	0.0962320722394839	0.0497398908863573	0.0527041783998643	0.0375846638994588	0.459706495030298	0.0841839295514568	0.340950065748273	bac	bacOTU_263
bacOTU_264	0.132210616113183	0.568682679739646	0.0962320722394839	0.0497398908863573	0.0790062675997964	0.0750693277989176	1.37891948509089	0.0841839295514568	0.340950065748273	bac	bacOTU_264
bacOTU_265	1e-04	0.379155119826431	0.192364144478968	0.198659563545429	0.131610445999661	0.374946638994588	1e-04	0.0841839295514568	0.909033508662062	bac	bacOTU_265
bacOTU_269	0.264321232226366	0.568682679739646	0.288496216718452	0.0993797817727146	0.105308356799729	0.487400630692965	0.459706495030298	0.25235178865437	0.227333377165516	bac	bacOTU_269
bacOTU_272	1e-04	0.189627559913215	0.0962320722394839	0.149019672659072	0.0527041783998643	0.0750693277989176	0.459706495030298	1e-04	0.113716688582758	bac	bacOTU_272
bacOTU_275	0.330376540282958	0.568682679739646	0.192364144478968	0.149019672659072	0.0527041783998643	0.112553991698376	1.14911623757575	0.0841839295514568	0.454566754331031	bac	bacOTU_275
bacOTU_279	0.264321232226366	0.379155119826431	0.0962320722394839	0.347579236204501	0.0527041783998643	0.112553991698376	0.459706495030298	0.168267859102914	0.227333377165516	bac	bacOTU_279
bacOTU_280	1e-04	0.568682679739646	0.384628288957936	0.0497398908863573	0.184214624399525	0.112553991698376	1e-04	0.420519647757284	0.681800131496547	bac	bacOTU_280
bacOTU_282	0.0661553080565915	1.13726535947929	1e-04	0.0497398908863573	0.131610445999661	0.449915966793506	1e-04	1.26135894327185	0.227333377165516	bac	bacOTU_282
bacOTU_283	0.132210616113183	8.90789531592112	0.0962320722394839	0.0993797817727146	0.0264020891999321	0.0375846638994588	0.459706495030298	2.27036609788933	0.227333377165516	bac	bacOTU_283
bacOTU_289	0.198265924169775	0.379155119826431	0.192364144478968	0.0497398908863573	0.0527041783998643	0.0750693277989176	1e-04	0.25235178865437	0.227333377165516	bac	bacOTU_289
bacOTU_291	0.0661553080565915	0.379155119826431	0.0962320722394839	0.0993797817727146	0.131610445999661	0.150038655597835	1e-04	0.336435718205827	0.568183442913789	bac	bacOTU_291
bacOTU_292	0.132210616113183	0.189627559913215	0.192364144478968	1e-04	0.0264020891999321	0.0750693277989176	0.229903247515149	0.0841839295514568	0.227333377165516	bac	bacOTU_292
bacOTU_293	0.0661553080565915	0.189627559913215	1e-04	0.0497398908863573	0.0790062675997964	0.412431302894047	0.229903247515149	0.0841839295514568	0.340950065748273	bac	bacOTU_293
bacOTU_298	0.0661553080565915	0.189627559913215	0.0962320722394839	0.0497398908863573	1e-04	0.112553991698376	0.459706495030298	0.588687506860198	0.454566754331031	bac	bacOTU_298
bacOTU_303	0.264321232226366	0.189627559913215	0.192364144478968	0.0497398908863573	0.0790062675997964	0.112553991698376	0.459706495030298	0.0841839295514568	0.568183442913789	bac	bacOTU_303
bacOTU_308	0.0661553080565915	0.189627559913215	0.0962320722394839	1e-04	0.0264020891999321	0.150038655597835	1e-04	0.168267859102914	0.113716688582758	bac	bacOTU_308
bacOTU_312	0.264321232226366	0.758210239652861	0.384628288957936	0.149019672659072	0.0790062675997964	0.112553991698376	1.14911623757575	0.336435718205827	0.340950065748273	bac	bacOTU_312
bacOTU_313	0.132210616113183	0.379155119826431	0.192364144478968	0.0993797817727146	0.0527041783998643	0.112553991698376	0.459706495030298	0.25235178865437	0.340950065748273	bac	bacOTU_313
bacOTU_323	0.132210616113183	0.189627559913215	0.0962320722394839	0.198659563545429	0.131610445999661	0.29997731119567	0.459706495030298	0.168267859102914	0.568183442913789	bac	bacOTU_323
bacOTU_326	0.264321232226366	0.379155119826431	0.0962320722394839	0.0497398908863573	0.0527041783998643	0.112553991698376	0.459706495030298	0.0841839295514568	0.113716688582758	bac	bacOTU_326
bacOTU_332	0.132210616113183	0.189627559913215	0.0962320722394839	0.0993797817727146	0.105308356799729	0.112553991698376	0.229903247515149	0.168267859102914	0.227333377165516	bac	bacOTU_332
bacOTU_335	0.132210616113183	0.189627559913215	0.0962320722394839	0.0993797817727146	0.0790062675997964	0.112553991698376	0.689509742545447	0.0841839295514568	0.795416820079305	bac	bacOTU_335
bacOTU_336	0.198265924169775	0.189627559913215	0.0962320722394839	0.0497398908863573	0.0527041783998643	0.112553991698376	1.37891948509089	0.168267859102914	1.02265019724482	bac	bacOTU_336
bacOTU_343	0.132210616113183	0.379155119826431	0.288496216718452	0.0993797817727146	0.0790062675997964	0.112553991698376	1e-04	0.25235178865437	0.340950065748273	bac	bacOTU_343
bacOTU_348	0.198265924169775	0.568682679739646	0.0962320722394839	0.0497398908863573	0.105308356799729	0.187523319497294	0.229903247515149	0.25235178865437	0.113716688582758	bac	bacOTU_348
bacOTU_352	2.97258886254662	8.14978507626826	2.78793009494503	1.78713607190886	2.60400683079328	1.42451722817943	17.4651468111513	3.86796075936701	8.40773495512408	bac	bacOTU_352
bacOTU_357	0.0661553080565915	0.189627559913215	1e-04	1e-04	0.0527041783998643	0.0750693277989176	0.459706495030298	0.0841839295514568	0.113716688582758	bac	bacOTU_357
bacOTU_359	0.198265924169775	0.189627559913215	0.0962320722394839	0.0497398908863573	0.0527041783998643	0.187523319497294	0.459706495030298	0.25235178865437	0.454566754331031	bac	bacOTU_359
bacOTU_361	1e-04	0.379155119826431	0.288496216718452	0.0993797817727146	0.105308356799729	0.29997731119567	1e-04	0.168267859102914	0.227333377165516	bac	bacOTU_361
bacOTU_363	0.198265924169775	0.379155119826431	0.192364144478968	0.0993797817727146	0.157912535199593	0.6373392862908	0.459706495030298	0.0841839295514568	0.454566754331031	bac	bacOTU_363
bacOTU_366	0.132210616113183	0.189627559913215	0.0962320722394839	0.0497398908863573	0.0790062675997964	0.187523319497294	0.229903247515149	0.168267859102914	0.340950065748273	bac	bacOTU_366
bacOTU_37	0.0661553080565915	0.379155119826431	0.0962320722394839	0.0497398908863573	1e-04	0.0375846638994588	0.459706495030298	0.168267859102914	1e-04	bac	bacOTU_37
bacOTU_373	0.0661553080565915	0.189627559913215	0.0962320722394839	0.0993797817727146	0.0264020891999321	0.225007983396753	1e-04	0.0841839295514568	0.113716688582758	bac	bacOTU_373
bacOTU_376	1e-04	0.379155119826431	0.192364144478968	0.297939345318144	0.0264020891999321	0.187523319497294	1e-04	0.0841839295514568	0.113716688582758	bac	bacOTU_376
bacOTU_377	0.132210616113183	0.379155119826431	0.192364144478968	1e-04	1e-04	0.0375846638994588	0.229903247515149	0.168267859102914	0.340950065748273	bac	bacOTU_377
bacOTU_379	0.132210616113183	1.13726535947929	0.0962320722394839	0.0993797817727146	0.157912535199593	0.112553991698376	1e-04	0.25235178865437	0.113716688582758	bac	bacOTU_379
bacOTU_382	0.0661553080565915	0.189627559913215	0.0962320722394839	1e-04	0.0264020891999321	0.112553991698376	1e-04	0.0841839295514568	0.227333377165516	bac	bacOTU_382
bacOTU_383	0.132210616113183	0.379155119826431	0.0962320722394839	0.0497398908863573	0.0264020891999321	0.0375846638994588	1e-04	0.168267859102914	0.113716688582758	bac	bacOTU_383
bacOTU_384	0.0661553080565915	0.568682679739646	0.192364144478968	0.149019672659072	0.0790062675997964	0.187523319497294	1e-04	0.504603577308741	0.340950065748273	bac	bacOTU_384
bacOTU_385	0.396431848339549	0.568682679739646	1e-04	0.248299454431786	0.236818802799389	1.23709390868214	1.37891948509089	0.420519647757284	1.02265019724482	bac	bacOTU_385
bacOTU_386	0.0661553080565915	1e-04	0.0962320722394839	0.149019672659072	0.0527041783998643	0.0375846638994588	0.229903247515149	1e-04	0.113716688582758	bac	bacOTU_386
bacOTU_387	0.462487156396141	1.32679291939251	0.192364144478968	0.0993797817727146	0.0264020891999321	0.0750693277989176	2.06832922763634	0.168267859102914	0.454566754331031	bac	bacOTU_387
bacOTU_399	0.198265924169775	0.379155119826431	1e-04	0.0497398908863573	1e-04	0.0750693277989176	0.229903247515149	0.0841839295514568	0.227333377165516	bac	bacOTU_399
bacOTU_400	0.0661553080565915	0.189627559913215	0.288496216718452	0.149019672659072	0.131610445999661	0.337461975095129	1e-04	0.420519647757284	0.454566754331031	bac	bacOTU_400
bacOTU_403	0.0661553080565915	0.189627559913215	1e-04	0.0497398908863573	0.0790062675997964	0.449915966793506	0.229903247515149	0.0841839295514568	0.113716688582758	bac	bacOTU_403
bacOTU_406	1e-04	0.379155119826431	0.0962320722394839	0.0993797817727146	0.0790062675997964	0.0750693277989176	1e-04	0.504603577308741	0.113716688582758	bac	bacOTU_406
bacOTU_418	0.0661553080565915	0.189627559913215	0.0962320722394839	0.347579236204501	0.0527041783998643	0.449915966793506	0.229903247515149	0.0841839295514568	0.454566754331031	bac	bacOTU_418
bacOTU_419	0.0661553080565915	0.379155119826431	0.384628288957936	0.0497398908863573	0.0264020891999321	1e-04	0.229903247515149	0.336435718205827	0.113716688582758	bac	bacOTU_419
bacOTU_42	9.90839620848873	8.14978507626826	0.673024505676387	0.695058472409002	0.815464765197896	0.262492647296212	2.98754221769694	0.504603577308741	36.3574403464825	bac	bacOTU_42
bacOTU_422	1e-04	0.758210239652861	0.192364144478968	0.0497398908863573	0.105308356799729	0.150038655597835	0.229903247515149	0.336435718205827	0.795416820079305	bac	bacOTU_422
bacOTU_425	0.198265924169775	0.189627559913215	0.0962320722394839	1e-04	1e-04	0.0375846638994588	0.459706495030298	0.0841839295514568	0.909033508662062	bac	bacOTU_425
bacOTU_429	0.132210616113183	0.379155119826431	0.384628288957936	0.0497398908863573	0.0264020891999321	0.0750693277989176	1e-04	0.588687506860198	0.113716688582758	bac	bacOTU_429
bacOTU_433	0.198265924169775	2.27443071895858	0.576892433436903	1.14181749038622	0.789162675997964	1.94930252277186	0.229903247515149	2.18628216833788	1.36350026299309	bac	bacOTU_433
bacOTU_436	0.0661553080565915	0.189627559913215	1e-04	1e-04	0.0264020891999321	0.0375846638994588	0.229903247515149	0.0841839295514568	0.227333377165516	bac	bacOTU_436
bacOTU_444	0.0661553080565915	1e-04	0.0962320722394839	1e-04	0.0790062675997964	0.150038655597835	0.229903247515149	0.0841839295514568	0.227333377165516	bac	bacOTU_444
bacOTU_45	0.528542464452732	14.7832496732308	0.0962320722394839	0.347579236204501	0.0527041783998643	1e-04	0.229903247515149	9.24933225066025	0.227333377165516	bac	bacOTU_45
bacOTU_460	0.0661553080565915	0.189627559913215	0.0962320722394839	1e-04	0.0264020891999321	0.0375846638994588	0.229903247515149	0.0841839295514568	0.113716688582758	bac	bacOTU_460
bacOTU_463	0.0661553080565915	1.70584803921894	0.384628288957936	0.695058472409002	0.210516713599457	0.0750693277989176	1e-04	1.34544287282331	0.113716688582758	bac	bacOTU_463
bacOTU_469	0.132210616113183	0.189627559913215	0.192364144478968	0.198659563545429	0.0527041783998643	0.150038655597835	0.459706495030298	0.0841839295514568	0.340950065748273	bac	bacOTU_469
bacOTU_477	0.0661553080565915	0.189627559913215	1e-04	0.0993797817727146	0.0264020891999321	0.0375846638994588	0.459706495030298	1e-04	0.113716688582758	bac	bacOTU_477
bacOTU_486	0.0661553080565915	0.568682679739646	0.0962320722394839	0.0497398908863573	0.0264020891999321	0.112553991698376	0.229903247515149	0.168267859102914	0.113716688582758	bac	bacOTU_486
bacOTU_487	0.0661553080565915	0.189627559913215	0.0962320722394839	0.0497398908863573	0.0790062675997964	0.225007983396753	0.229903247515149	0.0841839295514568	0.113716688582758	bac	bacOTU_487
bacOTU_49	0.528542464452732	0.568682679739646	0.48076036119742	0.149019672659072	0.131610445999661	0.6373392862908	1.14911623757575	0.588687506860198	1.24988357441034	bac	bacOTU_49
bacOTU_495	0.132210616113183	1.89537559913215	0.288496216718452	0.496498908863573	0.0790062675997964	0.187523319497294	0.229903247515149	0.588687506860198	0.568183442913789	bac	bacOTU_495
bacOTU_506	0.198265924169775	0.379155119826431	1e-04	0.0993797817727146	0.0527041783998643	0.150038655597835	0.459706495030298	0.0841839295514568	0.340950065748273	bac	bacOTU_506
bacOTU_507	0.132210616113183	0.379155119826431	1e-04	0.0497398908863573	0.0527041783998643	0.0375846638994588	1e-04	0.336435718205827	0.681800131496547	bac	bacOTU_507
bacOTU_508	0.0661553080565915	0.189627559913215	1e-04	1e-04	0.0527041783998643	0.0750693277989176	0.229903247515149	0.0841839295514568	0.227333377165516	bac	bacOTU_508
bacOTU_514	0.0661553080565915	0.379155119826431	0.0962320722394839	1e-04	0.0527041783998643	0.0375846638994588	0.459706495030298	0.0841839295514568	0.113716688582758	bac	bacOTU_514
bacOTU_519	0.330376540282958	0.379155119826431	0.192364144478968	0.0497398908863573	0.105308356799729	0.262492647296212	0.459706495030298	0.25235178865437	0.340950065748273	bac	bacOTU_519
bacOTU_523	0.264321232226366	0.758210239652861	0.288496216718452	0.0497398908863573	0.131610445999661	0.187523319497294	0.689509742545447	0.336435718205827	0.454566754331031	bac	bacOTU_523
bacOTU_531	0.0661553080565915	0.189627559913215	1e-04	1e-04	0.0790062675997964	0.112553991698376	0.229903247515149	0.0841839295514568	0.113716688582758	bac	bacOTU_531
bacOTU_533	0.132210616113183	0.189627559913215	0.0962320722394839	0.0497398908863573	0.0264020891999321	0.0375846638994588	1e-04	0.0841839295514568	0.227333377165516	bac	bacOTU_533
bacOTU_534	0.0661553080565915	0.189627559913215	0.0962320722394839	0.0497398908863573	0.0527041783998643	0.374946638994588	0.459706495030298	0.0841839295514568	0.227333377165516	bac	bacOTU_534
bacOTU_54	7.99279227484758	4.9278165577436	0.384628288957936	0.54613879974993	0.105308356799729	1.34954790038052	5.28557469284843	0.588687506860198	21.8145042078895	bac	bacOTU_54
bacOTU_540	0.132210616113183	0.189627559913215	1e-04	1e-04	0.0264020891999321	0.187523319497294	0.229903247515149	0.0841839295514568	0.113716688582758	bac	bacOTU_540
bacOTU_541	0.132210616113183	0.189627559913215	1e-04	0.0497398908863573	0.0264020891999321	0.0375846638994588	0.689509742545447	1e-04	0.113716688582758	bac	bacOTU_541
bacOTU_542	0.132210616113183	0.758210239652861	0.192364144478968	0.149019672659072	0.263120891999321	0.787277941888635	0.689509742545447	0.420519647757284	0.795416820079305	bac	bacOTU_542
bacOTU_555	0.198265924169775	1e-04	0.0962320722394839	0.0497398908863573	0.0264020891999321	0.0750693277989176	1e-04	0.0841839295514568	0.340950065748273	bac	bacOTU_555
bacOTU_568	0.264321232226366	0.189627559913215	0.0962320722394839	0.0497398908863573	0.105308356799729	0.262492647296212	0.689509742545447	0.0841839295514568	0.227333377165516	bac	bacOTU_568
bacOTU_589	0.264321232226366	0.189627559913215	0.192364144478968	0.149019672659072	0.131610445999661	0.187523319497294	0.919312990060596	0.25235178865437	1.59073364015861	bac	bacOTU_589
bacOTU_59	7.92673696679099	12.6984465141854	0.769156577915871	0.446859017977216	0.86806894359776	0.674823950190259	46.1905527505449	3.86796075936701	23.6323712252136	bac	bacOTU_59
bacOTU_592	1e-04	1.70584803921894	0.673024505676387	0.248299454431786	0.36832924879905	0.487400630692965	1e-04	1.59769466147768	0.454566754331031	bac	bacOTU_592
bacOTU_612	0.132210616113183	0.189627559913215	0.0962320722394839	0.0497398908863573	0.0264020891999321	0.0375846638994588	0.229903247515149	0.0841839295514568	0.227333377165516	bac	bacOTU_612
bacOTU_613	0.132210616113183	0.189627559913215	0.192364144478968	1e-04	0.0527041783998643	0.0375846638994588	1.83852598012119	1e-04	0.909033508662062	bac	bacOTU_613
bacOTU_618	0.198265924169775	0.379155119826431	0.0962320722394839	0.0993797817727146	0.0264020891999321	0.112553991698376	0.459706495030298	0.0841839295514568	0.113716688582758	bac	bacOTU_618
bacOTU_62	0.660653080565915	3.41159607843788	0.769156577915871	0.645418581522645	0.289422981199253	0.150038655597835	2.52793572266664	1.09319108416894	0.681800131496547	bac	bacOTU_62
bacOTU_625	0.396431848339549	0.758210239652861	0.384628288957936	0.149019672659072	0.157912535199593	0.187523319497294	1e-04	0.588687506860198	0.227333377165516	bac	bacOTU_625
bacOTU_630	0.132210616113183	0.379155119826431	1e-04	0.0497398908863573	0.0527041783998643	1e-04	0.229903247515149	0.0841839295514568	0.113716688582758	bac	bacOTU_630
bacOTU_639	1.45331677724501	0.758210239652861	0.0962320722394839	1e-04	0.236818802799389	0.262492647296212	3.90675520775753	0.0841839295514568	7.2715680692965	bac	bacOTU_639
bacOTU_649	0.0661553080565915	0.379155119826431	0.0962320722394839	1e-04	0.0264020891999321	0.0375846638994588	1e-04	0.0841839295514568	0.113716688582758	bac	bacOTU_649
bacOTU_653	0.132210616113183	0.379155119826431	0.0962320722394839	0.0993797817727146	0.0264020891999321	0.0375846638994588	0.459706495030298	0.168267859102914	0.340950065748273	bac	bacOTU_653
bacOTU_665	0.264321232226366	0.379155119826431	0.192364144478968	1e-04	0.105308356799729	0.0375846638994588	0.229903247515149	0.168267859102914	0.227333377165516	bac	bacOTU_665
bacOTU_676	0.0661553080565915	1e-04	0.0962320722394839	1e-04	0.0527041783998643	0.0375846638994588	0.229903247515149	0.168267859102914	0.113716688582758	bac	bacOTU_676
bacOTU_683	1e-04	0.189627559913215	0.0962320722394839	0.0497398908863573	0.0790062675997964	0.0375846638994588	1e-04	0.168267859102914	0.227333377165516	bac	bacOTU_683
bacOTU_692	0.198265924169775	0.568682679739646	0.0962320722394839	1e-04	0.131610445999661	0.0375846638994588	0.689509742545447	0.0841839295514568	0.113716688582758	bac	bacOTU_692
bacOTU_700	0.396431848339549	0.758210239652861	0.0962320722394839	0.0497398908863573	0.105308356799729	0.0375846638994588	0.689509742545447	0.168267859102914	0.340950065748273	bac	bacOTU_700
bacOTU_705	0.264321232226366	10.4241157952268	0.0962320722394839	0.0497398908863573	0.105308356799729	0.225007983396753	0.229903247515149	5.29738756174178	0.340950065748273	bac	bacOTU_705
bacOTU_706	0.0661553080565915	1.32679291939251	0.384628288957936	0.54613879974993	0.289422981199253	0.187523319497294	0.229903247515149	0.840939295514568	0.454566754331031	bac	bacOTU_706
bacOTU_709	0.0661553080565915	0.379155119826431	0.0962320722394839	1e-04	0.0264020891999321	0.0375846638994588	0.689509742545447	0.0841839295514568	0.113716688582758	bac	bacOTU_709
bacOTU_71	0.264321232226366	17.2471079521026	1.15368486687381	2.28353498077244	1.28890237079667	2.24917983396753	0.459706495030298	13.0331090804758	4.77200092047583	bac	bacOTU_71
bacOTU_73	0.396431848339549	1.89537559913215	1e-04	0.0993797817727146	0.131610445999661	0.787277941888635	0.919312990060596	0.168267859102914	2.49966714882067	bac	bacOTU_73
bacOTU_734	0.132210616113183	0.568682679739646	0.192364144478968	0.0497398908863573	0.210516713599457	0.0375846638994588	0.459706495030298	0.168267859102914	0.227333377165516	bac	bacOTU_734
bacOTU_736	0.198265924169775	0.568682679739646	1e-04	0.0497398908863573	0.0527041783998643	0.29997731119567	0.459706495030298	0.25235178865437	0.227333377165516	bac	bacOTU_736
bacOTU_74	0.0661553080565915	2.65348583878502	13.7469863302462	0.149019672659072	0.0790062675997964	0.262492647296212	1e-04	2.35445002744079	0.681800131496547	bac	bacOTU_74
bacOTU_751	0.132210616113183	0.189627559913215	0.192364144478968	0.0497398908863573	0.0790062675997964	0.187523319497294	1e-04	0.0841839295514568	0.113716688582758	bac	bacOTU_751
bacOTU_762	0.132210616113183	0.379155119826431	1e-04	0.0497398908863573	1e-04	0.0750693277989176	0.229903247515149	0.0841839295514568	0.113716688582758	bac	bacOTU_762
bacOTU_768	0.132210616113183	0.379155119826431	0.0962320722394839	1.0425377086135	0.0527041783998643	0.0750693277989176	0.459706495030298	0.168267859102914	0.227333377165516	bac	bacOTU_768
bacOTU_780	0.264321232226366	0.189627559913215	0.0962320722394839	0.0497398908863573	1e-04	1e-04	0.459706495030298	0.0841839295514568	0.227333377165516	bac	bacOTU_780
bacOTU_781	0.132210616113183	0.189627559913215	0.0962320722394839	1e-04	0.0527041783998643	0.0375846638994588	0.229903247515149	0.0841839295514568	0.340950065748273	bac	bacOTU_781
bacOTU_783	0.132210616113183	0.568682679739646	0.192364144478968	0.0993797817727146	0.0264020891999321	0.0750693277989176	0.229903247515149	0.168267859102914	0.227333377165516	bac	bacOTU_783
bacOTU_795	0.0661553080565915	0.758210239652861	1e-04	0.297939345318144	0.0790062675997964	0.112553991698376	1e-04	0.25235178865437	0.113716688582758	bac	bacOTU_795
bacOTU_798	0.132210616113183	0.189627559913215	1e-04	0.0497398908863573	1e-04	0.0375846638994588	0.459706495030298	0.0841839295514568	0.113716688582758	bac	bacOTU_798
bacOTU_802	0.0661553080565915	0.379155119826431	0.0962320722394839	0.0497398908863573	0.0264020891999321	0.0750693277989176	0.919312990060596	0.168267859102914	0.227333377165516	bac	bacOTU_802
bacOTU_805	0.0661553080565915	0.189627559913215	1e-04	0.0497398908863573	0.0264020891999321	0.0750693277989176	0.459706495030298	1e-04	0.113716688582758	bac	bacOTU_805
bacOTU_806	0.330376540282958	1.13726535947929	0.0962320722394839	0.0993797817727146	0.236818802799389	0.374946638994588	1.14911623757575	0.420519647757284	2.84051721456895	bac	bacOTU_806
bacOTU_819	0.0661553080565915	0.189627559913215	1e-04	1e-04	0.0264020891999321	0.0750693277989176	0.229903247515149	0.0841839295514568	0.227333377165516	bac	bacOTU_819
bacOTU_834	0.264321232226366	1.13726535947929	0.0962320722394839	0.0497398908863573	0.0264020891999321	0.0750693277989176	2.06832922763634	0.168267859102914	0.340950065748273	bac	bacOTU_834
bacOTU_864	0.0661553080565915	0.379155119826431	0.0962320722394839	0.0497398908863573	0.0264020891999321	0.0750693277989176	0.229903247515149	0.168267859102914	0.113716688582758	bac	bacOTU_864
bacOTU_87	0.264321232226366	3.22206851852466	0.288496216718452	0.248299454431786	0.578745962398507	1.01218592528539	2.98754221769694	5.80189113905052	0.795416820079305	bac	bacOTU_87
bacOTU_897	0.0661553080565915	1e-04	1e-04	0.794338254181717	0.0790062675997964	0.0750693277989176	0.229903247515149	0.0841839295514568	0.113716688582758	bac	bacOTU_897
bacOTU_907	1e-04	0.189627559913215	0.0962320722394839	0.0497398908863573	0.0790062675997964	0.150038655597835	1e-04	0.25235178865437	0.113716688582758	bac	bacOTU_907
bacOTU_916	1e-04	0.758210239652861	0.0962320722394839	0.595778690636288	0.105308356799729	0.0750693277989176	0.229903247515149	0.504603577308741	1e-04	bac	bacOTU_916
bacOTU_917	0.132210616113183	0.379155119826431	0.192364144478968	0.0993797817727146	0.131610445999661	0.187523319497294	0.229903247515149	0.25235178865437	0.454566754331031	bac	bacOTU_917
bacOTU_920	0.0661553080565915	0.189627559913215	0.0962320722394839	0.0993797817727146	0.0527041783998643	0.0375846638994588	1e-04	0.0841839295514568	1e-04	bac	bacOTU_920
bacOTU_94	0.330376540282958	0.568682679739646	0.192364144478968	0.0497398908863573	0.157912535199593	0.562369958491882	2.52793572266664	0.336435718205827	1.02265019724482	bac	bacOTU_94
bacOTU_940	0.132210616113183	0.379155119826431	0.0962320722394839	0.0497398908863573	0.0527041783998643	0.112553991698376	0.459706495030298	0.168267859102914	0.340950065748273	bac	bacOTU_940
bacOTU_946	1e-04	0.379155119826431	0.0962320722394839	0.0993797817727146	0.0527041783998643	0.0375846638994588	1e-04	0.168267859102914	0.227333377165516	bac	bacOTU_946
bacOTU_952	0.132210616113183	0.379155119826431	0.0962320722394839	0.149019672659072	0.0527041783998643	0.225007983396753	0.689509742545447	0.168267859102914	0.454566754331031	bac	bacOTU_952
bacOTU_958	0.132210616113183	0.189627559913215	0.0962320722394839	1e-04	0.105308356799729	0.0750693277989176	0.229903247515149	0.0841839295514568	0.227333377165516	bac	bacOTU_958
bacOTU_963	0.0661553080565915	0.189627559913215	0.0962320722394839	1e-04	0.0264020891999321	0.0375846638994588	0.229903247515149	1e-04	0.113716688582758	bac	bacOTU_963
bacOTU_981	0.132210616113183	1.51632047930572	1e-04	0.0993797817727146	0.0264020891999321	0.374946638994588	1e-04	0.336435718205827	0.227333377165516	bac	bacOTU_981
OTU_36	0.988434326204671	1.59967291403195	15.7961757685151	6.65497990249411	0.0102425716549664	0.467095832140214	2.66123159405219	0.280251402558666	2.90744139017624	fungi	OTU_36
OTU_3	14.52726071257	7.03822082174059	38.9274838713407	14.8657158136263	0.644153300090365	2.98887332569737	30.0075267367409	4.07910442125418	27.164215078363	fungi	OTU_3
OTU_31	1.76917331448507	1.79961952828595	0.0188601849982365	0.124306992286236	0.0203851433099328	0.109981372268286	6.15871883194936	0.280251402558666	1.15544275393197	fungi	OTU_31
OTU_7	0.708631914219787	0.120067968552397	0.0376203699964729	0.0131744202406564	0.0761692874122478	6.41717214046788	1e-04	0.112160561023467	2.38672352924915	fungi	OTU_7
OTU_15	0.663502492931902	1.29975299265096	1.76355738983423	4.7526517574786	1.1157828820463	1.98345876944256	3.39621079621899	0.0225121122046933	1.4049533956262	fungi	OTU_15
OTU_9	0.546165997583403	3.4791710880195	0.769267584927695	0.549225650107569	0.273949434684092	1.25274764385846	230.606160707437	4.78508595570202	2.72844462548255	fungi	OTU_9
OTU_4	0.243798874954576	5.49863189198484	25.8141145575734	3.69362371798544	1.79026389710157	2.05488166141694	2.48382282111538	21.3140187066633	0.509969572157773	fungi	OTU_4
OTU_20	0.306980064757615	1.03982239412077	1e-04	0.660358222153149	0.0203851433099328	0.159427989789014	7.85677423005885	1.01985110531355	0.99271842239226	fungi	OTU_20
OTU_45	0.257337701340942	0.999833071269971	1e-04	0.0197116303609846	1e-04	0.0550406861341428	1.4193701834945	1.3448267322816	0.314700374310115	fungi	OTU_45
OTU_5	6.36334840159172	206.285021925846	0.975629619908296	1.72592347176665	0.760792874122478	2.64824107166568	32.7953788828908	142.451485173031	4.67028831518981	fungi	OTU_5
OTU_12	0.762787219765248	8.59780441292175	20.5049822030725	4.68074244615499	21.1473619006049	6.15345684702399	2.63588748363265	12.4500283297071	3.09728644363924	fungi	OTU_12
OTU_422	0.58226953461371	0.399993228507988	3.15181107970373	3.53673067509756	0.431159295336071	1.43405190810113	1.67281128768995	1e-04	1.90939882339932	fungi	OTU_422
OTU_8	0.0542553055454614	0.0400893228507988	0.0188601849982365	0.0720093113236103	1e-04	0.1154754408817	0.329573435454081	0.0113060561023467	0.0814621657698573	fungi	OTU_8
OTU_17	0.46493303926521	1.43971562262876	0.168941664984128	1.50365832767549	0.11166828820463	0.2693093620573	0.963176195942698	3.92221963582133	1.45377069508812	fungi	OTU_17
OTU_35	0.591295418871287	0.619934504187382	0.375303699964729	0.0720093113236103	0.00517128582748319	0.0110881372268286	0.456293987551804	0.224221122046933	1.84430909078343	fungi	OTU_35
OTU_27	3.47055249703832	2.99929921380991	1e-04	1e-04	0.0102425716549664	0.0330644116804857	14.1674577245255	0.0113060561023467	16.5871335282816	fungi	OTU_27
OTU_77	0.0362035370303076	1.55968359118115	0.0563805549947094	0.215827933970831	1.66348175141449	1.78017823074623	0.0254441104195447	3.10417754035002	5.88529665735301	fungi	OTU_77
OTU_34	0.185130627280326	1.13979570124777	0.168941664984128	0.176604673248862	0.623868156780432	3.45586915783758	1.34333785223587	1.33362067617925	1.19883590900923	fungi	OTU_34
OTU_65	0.658989550803114	4.07901093078148	4.20238143960497	0.0850837315642667	0.0254564291374159	0.0385584802939	2.17969349608084	2.44302023031157	0.596755882312287	fungi	OTU_65
OTU_79	0.0587682476742499	0.0400893228507988	0.0563805549947094	0.0458604708422974	0.0406702866198655	0.0110881372268286	0.0507882208390894	0.0113060561023467	0.0597655882312287	fungi	OTU_79
OTU_14	0.162565916636384	2.25949674107013	14.839406333605	6.4196403381623	1.10564031039134	0.840692497852385	2.73726392531083	5.042825246056	0.938476978545688	fungi	OTU_14
OTU_83	0.392725965204595	1.31974765407636	3.35817311468433	0.490390759024615	0.0761692874122478	0.0495466175207285	1.21661730013814	0.291457458661013	0.146551898385743	fungi	OTU_83
OTU_130	0.270876527727307	0.619934504187382	1e-04	0.0066372101203282	0.0609554299297983	0.0770169605877999	1.16592907929906	0.123366617125813	0.320124518694772	fungi	OTU_130
OTU_69	0.0768200161894037	1.25976366980016	0.63794628994004	0.065472101203282	0.522442440230768	0.0550406861341428	0.0507882208390894	0.10095450492112	0.1519760427704	fungi	OTU_69
OTU_11	1.82784156215932	37.1101916055413	0.919349064913587	2.07239560814404	1.12592545370127	3.30203523666198	3.42155490663853	44.7458820166702	2.46808569501901	fungi	OTU_11
OTU_38	10.0549350629407	12.9766352650842	0.0563805549947094	0.882623366244308	0.162381146479462	0.318755979578028	37.129221764633	3.59724400885328	4.65401588203584	fungi	OTU_38
OTU_129	0.103897668962134	0.0600839842761983	0.525385179950621	0.0197116303609846	0.263806863029126	0.280297499284128	0.126820552097723	0.930202656494773	0.162824331539715	fungi	OTU_129
OTU_22	0.469445981393999	0.799886457015977	0.0376203699964729	0.0523976809626256	0.0558841441023151	0.0440525489073143	1.47005840433359	0.224221122046933	1.33986366301032	fungi	OTU_22
OTU_28	0.0723070740606152	0.260030598530192	0.0751407399929459	0.032786050601641	0.0102425716549664	0.2693093620573	1.08989674804042	1e-04	0.0814621657698573	fungi	OTU_28
OTU_88	0.0407164791590961	0.160057291403195	0.58166573494533	0.0458604708422974	0.0355990007923823	1.02749083070847	0.0254441104195447	0.0785423927164266	0.0923104545391717	fungi	OTU_88
OTU_143	0.207695337924269	1.53968892975576	0.0376203699964729	0.0131744202406564	0.0153138574824496	1e-04	0.912487975103609	2.0171900984224	0.103158743308486	fungi	OTU_143
OTU_420	0.049742363416673	0.0600839842761983	1e-04	0.0131744202406564	1e-04	0.0110881372268286	0.076132331258634	0.0113060561023467	0.0326448663079429	fungi	OTU_420
OTU_103	0.0813329583181921	0.240035937104793	0.0751407399929459	0.104695361925251	0.0305277149648991	0.0165822058402428	7.09645091747251	0.0785423927164266	0.0814621657698573	fungi	OTU_103
OTU_39	5.41563055454614	3.5791443951465	1e-04	0.0066372101203282	0.00517128582748319	0.00559406861341428	24.0009725673088	1e-04	16.3918643304339	fungi	OTU_39
OTU_24	1.69245329829567	49.7668122878192	0.0188601849982365	0.0720093113236103	0.0457415724473487	0.0440525489073143	1.74884361894858	35.4224433395178	0.808297513313916	fungi	OTU_24
OTU_110	0.0226647106439423	0.300019921380991	6.77252678436336	0.235439564331815	0.197880147271844	1.52745107452917	0.481638097971349	0.26904534645632	0.1519760427704	fungi	OTU_110
OTU_23	0.225747106439423	0.140062629977796	0.0188601849982365	0.065472101203282	0.0508128582748319	0.0550406861341428	0.253541104195447	0.190602953739893	0.412334973233944	fungi	OTU_23
OTU_44	0.108410611090923	0.160057291403195	1e-04	0.0393232607219692	0.0153138574824496	0.142945783948771	0.0507882208390894	0.0449242244093866	0.141127754001086	fungi	OTU_44
OTU_125	0.0181517685151538	0.619934504187382	0.0376203699964729	1e-04	0.0102425716549664	0.0770169605877999	0.583014539649528	0.213015065944586	0.124855320847115	fungi	OTU_125
OTU_362	0.0993847268333459	0.34000924423179	0.0376203699964729	1e-04	1e-04	0.00559406861341428	1.08989674804042	0.03371816830704	0.103158743308486	fungi	OTU_362
OTU_678	0.347596543916711	0.579945181336583	1e-04	0.0066372101203282	1e-04	0.0220762744536571	2.25572582733948	0.179396897637547	2.36502695171052	fungi	OTU_678
OTU_179	0.0226647106439423	0.499966535634985	1e-04	0.0589348910829538	0.0508128582748319	0.0275703430670714	0.202852883356357	1.58015391043088	0.162824331539715	fungi	OTU_179
OTU_18	1e-04	0.0600839842761983	0.0188601849982365	0.0262488404813128	0.101525716549664	1e-04	0.735079202166796	0.13457267322816	0.0272207219232858	fungi	OTU_18
OTU_32	0.140001205992442	9.31761222423613	0.243982404977074	0.18314188336919	2.14525390502539	5.00519650682041	0.0254441104195447	23.9362358346125	0.374365962541344	fungi	OTU_32
OTU_467	0.0226647106439423	0.0400893228507988	1e-04	0.0262488404813128	0.0355990007923823	0.0275703430670714	0.0507882208390894	0.03371816830704	0.0868863101545145	fungi	OTU_467
OTU_92	0.0316905949015192	0.0800786457015977	0.450344439957675	0.189679093489518	0.152238574824496	0.236344950376814	0.253541104195447	0.0225121122046933	0.0380690106926001	fungi	OTU_92
OTU_134	0.911714310015267	1.65965689830815	0.112661109989419	0.0131744202406564	1e-04	0.0220762744536571	1.79953183978767	0.06733633661408	0.244186497309572	fungi	OTU_134
OTU_56	0.514575402681883	0.300019921380991	0.0188601849982365	0.0197116303609846	1e-04	1e-04	0.43094987713226	0.0225121122046933	0.0597655882312287	fungi	OTU_56
OTU_43	0.0677941319318268	0.859870441292175	0.168941664984128	0.032786050601641	0.770935445777445	0.642906027769471	0.177508772936813	0.30266351476336	0.189945053463	fungi	OTU_43
OTU_386	0.0136388263863654	0.100073307126997	0.131421294987655	0.0131744202406564	1e-04	0.0385584802939	1e-04	0.0561302805117333	0.0489172994619144	fungi	OTU_386
OTU_126	1e-04	0.36000390565719	0.0188601849982365	0.124306992286236	0.268878148856609	1.0000204876414	1e-04	0.448342244093866	1.61107088224318	fungi	OTU_126
OTU_181	0.194156511537903	1.25976366980016	0.788027769925932	0.274662825053785	0.0558841441023151	0.0165822058402428	0.0507882208390894	0.683669422243146	0.206217486616972	fungi	OTU_181
OTU_133	0.00461294212878845	0.0200946614253994	1e-04	0.0785465214439384	0.00517128582748319	0.0495466175207285	1e-04	0.0113060561023467	0.0163724331539715	fungi	OTU_133
OTU_53	0.825968409568287	1.89959283541294	0.206462034980601	0.0850837315642667	0.00517128582748319	0.126463578108528	0.278885214614991	0.862966319880693	2.85862409071432	fungi	OTU_53
OTU_50	0.37918713881823	0.240035937104793	0.0188601849982365	0.0981581518049231	0.0254564291374159	1e-04	0.202852883356357	0.280251402558666	1.09577716570075	fungi	OTU_50
OTU_396	0.356622428174288	0.459977212784187	0.0188601849982365	0.0131744202406564	0.0102425716549664	0.0275703430670714	1e-04	0.291457458661013	0.070613877000543	fungi	OTU_396
OTU_537	0.0542553055454614	0.0800786457015977	1e-04	0.032786050601641	0.00517128582748319	0.0715228919743857	0.076132331258634	0.03371816830704	0.070613877000543	fungi	OTU_537
OTU_236	0.0948717847045575	0.0600839842761983	1e-04	0.0197116303609846	0.0153138574824496	0.0275703430670714	0.177508772936813	0.0561302805117333	0.195369197847658	fungi	OTU_236
OTU_41	1.15090024284105	2.21950741821934	49.3581467303601	0.457704708422974	0.0508128582748319	2.0768579358706	0.177508772936813	0.762111814959573	1.85515737955275	fungi	OTU_41
OTU_67	0.302467122628826	71.4410252729521	0.0563805549947094	0.640746591792164	0.0355990007923823	0.0660288233609714	0.354917545873626	0.762111814959573	0.1140070320778	fungi	OTU_67
OTU_55	0.0542553055454614	1.05981705554617	1e-04	1e-04	0.0102425716549664	0.0825110292012142	7.22317146957023	0.06733633661408	0.244186497309572	fungi	OTU_55
OTU_13	0.0136388263863654	1.55968359118115	176.777323238382	10.655752496135	4.41211866991037	34.0303609914881	1e-04	7.99001800097317	6.92673237920719	fungi	OTU_13
OTU_62	0.0677941319318268	0.999833071269971	0.412824069961202	0.111232572045579	0.781078017432411	2.13179862200474	0.177508772936813	1.41206306889568	0.618452459850916	fungi	OTU_62
OTU_46	0.090358842575769	1.01982773269537	0.412824069961202	0.0458604708422974	0.0660267157572815	1.27472391831211	0.583014539649528	0.0225121122046933	1.05780815500815	fungi	OTU_46
OTU_138	0.00461294212878845	0.200046614253994	3.37693329968256	0.176604673248862	0.197880147271844	0.0770169605877999	1e-04	0.0225121122046933	0.0434931550772573	fungi	OTU_138
OTU_30	2.66724879811397	0.140062629977796	0.206462034980601	0.0197116303609846	4.90403339517624	1.47800445700844	0.354917545873626	0.1681908415352	5.59239286058153	fungi	OTU_30
OTU_63	0.0407164791590961	2.79935259955592	15.4209720685504	1.79129557296993	11.1011446763607	0.373696665712171	0.076132331258634	5.28935848030762	0.726935347544059	fungi	OTU_63
OTU_292	0.0181517685151538	0.36000390565719	24.7260238276757	13.0614458204158	9.61525792890813	0.1539339211756	1e-04	0.190602953739893	0.406910828849287	fungi	OTU_292
OTU_42	0.26185064346973	0.619934504187382	0.356543514966493	1.19640945202006	4.87867696603883	17.2349932402806	0.988520306362243	0.190602953739893	3.58545943825838	fungi	OTU_42
OTU_51	0.0362035370303076	8.53782042864555	1.61347590984834	0.882623366244308	2.50024391294921	0.131957646721943	0.076132331258634	0.0785423927164266	0.130279465231772	fungi	OTU_51
OTU_82	0.0362035370303076	0.140062629977796	0.0188601849982365	0.0131744202406564	0.243521719719193	0.593459410248742	0.126820552097723	2.45422628641392	0.0489172994619144	fungi	OTU_82
OTU_40	9.9646762203649	45.2880081285297	7.80433695926637	1.09181409009481	3.64128322413293	3.60420901039977	0.304229325034536	3.76533485038848	0.862538957160488	fungi	OTU_40
OTU_119	0.00461294212878845	0.140062629977796	0.0188601849982365	1e-04	0.00517128582748319	0.0605347547475571	0.076132331258634	0.0785423927164266	0.0326448663079429	fungi	OTU_119
OTU_29	0.149027090250019	36.3303998099507	77.9299084826743	0.542688439987241	0.131953431514563	0.00559406861341428	1e-04	7.68745448620981	0.0109482887693143	fungi	OTU_29
OTU_48	0.243798874954576	0.140062629977796	0.0188601849982365	0.0197116303609846	1.57726989234727	0.357214459871928	0.0507882208390894	1e-04	0.325548663079429	fungi	OTU_48
OTU_75	0.207695337924269	1e-04	0.0376203699964729	0.0523976809626256	0.00517128582748319	0.620929753315814	1e-04	0.840554207675999	0.0651897326158859	fungi	OTU_75
OTU_123	0.221234164310634	0.120067968552397	1e-04	0.137381412526892	0.00517128582748319	0.0220762744536571	1e-04	0.123366617125813	0.0760380213852002	fungi	OTU_123
OTU_145	1e-04	0.36000390565719	0.0188601849982365	0.0262488404813128	0.162381146479462	0.0660288233609714	1e-04	0.0449242244093866	0.0489172994619144	fungi	OTU_145
OTU_90	0.0181517685151538	0.100073307126997	0.0939009249911823	1.15718619129809	0.0305277149648991	0.0330644116804857	0.278885214614991	0.179396897637547	0.0543414438465716	fungi	OTU_90
OTU_52	0.049742363416673	0.300019921380991	1e-04	1e-04	0.0254564291374159	0.0385584802939	0.152164662517268	0.123366617125813	0.0543414438465716	fungi	OTU_52
OTU_194	0.0316905949015192	4.05901626935608	0.0751407399929459	0.124306992286236	0.0913831448946974	0.137451715335357	0.101476441678179	1.71462658365904	0.352669385002715	fungi	OTU_194
OTU_102	0.00461294212878845	0.559950519911184	0.562905549947094	0.170067463128533	0.116739574032113	0.917609458440185	1e-04	1.81548108858016	0.748631925082687	fungi	OTU_102
OTU_128	0.0091258842575769	0.34000924423179	0.63794628994004	1.74553510212763	0.0102425716549664	2.5768181796913	1e-04	1e-04	0.320124518694772	fungi	OTU_128
OTU_98	0.0226647106439423	1.89959283541294	0.0376203699964729	0.170067463128533	0.375375151233756	0.472589900753628	1e-04	3.12658965255472	0.482848850234487	fungi	OTU_98
OTU_91	1e-04	0.439982551358787	0.0751407399929459	0.0393232607219692	0.314519721303958	0.0715228919743857	0.0507882208390894	0.156984785432853	0.1140070320778	fungi	OTU_91
OTU_173	1e-04	1.41972096120336	0.0939009249911823	0.0523976809626256	0.0102425716549664	0.730811125584099	1e-04	0.123366617125813	0.504545427773116	fungi	OTU_173
OTU_329	0.0136388263863654	0.819881118441376	1e-04	0.261588404813128	0.081240573239731	0.203380538696328	1e-04	0.515578580707946	0.0489172994619144	fungi	OTU_329
OTU_54	0.0136388263863654	0.0200946614253994	0.844308324920641	1.32715365442663	12.4754631356086	5.09859567324845	1e-04	1e-04	0.423183262003258	fungi	OTU_54
OTU_105	0.0452294212878845	9.47756951563933	1e-04	0.0131744202406564	0.0305277149648991	0.4231432832329	0.126820552097723	0.43713618799152	1.23138077531717	fungi	OTU_105
OTU_120	0.0813329583181921	0.0200946614253994	0.0188601849982365	0.0131744202406564	0.213094004754294	0.0660288233609714	0.0507882208390894	0.0225121122046933	0.0489172994619144	fungi	OTU_120
OTU_59	0.0226647106439423	0.100073307126997	1e-04	0.0066372101203282	1e-04	0.0440525489073143	0.101476441678179	0.0449242244093866	0.0217965775386286	fungi	OTU_59
OTU_115	0.0407164791590961	1.69964622115895	0.619186104941803	1.62132810984139	0.218165290581777	0.302273773737785	1e-04	4.41528610432458	0.179096764693686	fungi	OTU_115
OTU_153	1e-04	0.100073307126997	1e-04	0.0393232607219692	0.121810859859597	0.00559406861341428	0.0507882208390894	2.4990505108233	0.0326448663079429	fungi	OTU_153
OTU_801	0.0136388263863654	0.160057291403195	9.00498879915351	8.94954065472931	0.0710980015847646	0.0165822058402428	0.38026165629317	0.156984785432853	0.255034786078886	fungi	OTU_801
OTU_111	2.72140410365944	0.140062629977796	1e-04	0.0066372101203282	1e-04	0.00559406861341428	0.152164662517268	0.0785423927164266	0.0163724331539715	fungi	OTU_111
OTU_427	0.00461294212878845	0.0400893228507988	0.0376203699964729	0.0131744202406564	0.0203851433099328	0.00559406861341428	1e-04	0.10095450492112	1e-04	fungi	OTU_427
OTU_763	0.00461294212878845	0.0800786457015977	1e-04	0.0066372101203282	0.0153138574824496	0.0220762744536571	1e-04	0.06733633661408	0.0434931550772573	fungi	OTU_763
OTU_370	0.0091258842575769	0.779891795590577	1e-04	0.0066372101203282	0.0355990007923823	0.0110881372268286	1e-04	0.0897484488187733	0.0272207219232858	fungi	OTU_370
OTU_342	0.00461294212878845	0.0400893228507988	0.0563805549947094	0.170067463128533	0.0406702866198655	0.120969509495114	1e-04	0.0225121122046933	0.0489172994619144	fungi	OTU_342
OTU_232	0.0091258842575769	0.0800786457015977	1e-04	0.032786050601641	0.0102425716549664	0.439625489073142	0.0507882208390894	0.10095450492112	0.0326448663079429	fungi	OTU_232
OTU_174	1e-04	0.0600839842761983	0.0188601849982365	0.170067463128533	0.0102425716549664	1e-04	0.101476441678179	0.123366617125813	0.0326448663079429	fungi	OTU_174
OTU_273	1e-04	0.100073307126997	0.0563805549947094	0.032786050601641	0.0254564291374159	0.0385584802939	1e-04	0.0225121122046933	0.0109482887693143	fungi	OTU_273
OTU_583	0.0091258842575769	0.260030598530192	0.0376203699964729	0.032786050601641	0.0203851433099328	0.252827156217057	1e-04	0.0785423927164266	0.00552414438465716	fungi	OTU_583
