TAD1	TAD2	TAD3	TAD4	TAD5	TAD6	TAD7	TAD8	TAD9	TAD10	TAH1	TAH2	TAH3	TAH4	TAH5	TAH6	TAH7	TAH8	TAH9	TAH10	TABS1	TABS2	TABS3	TABS4	TABS5	TAE0BS1	TAE0BS2	TAE0BS3	TAE0BS4	TAE0BS5	TAE0D1	TAE0D4	TAE0D5	TAE0D7	TAE0D9	TAE0H6	TAE0H7	TAE0H8	TAE0H9	TAE0H10
OTU_1	21997	4179	8331	6291	14800	8240	3107	4222	7636	9593	16041	3819	12123	16659	16103	15473	11043	4366	18954	8608	3580	4104	7959	4866	7503	1	12	1	0	0	0	0	0	1	3	0	1	0	0	0
OTU_36	3143	125	59	141	114	280	690	245	128	184	219	80	842	1018	2	85	105	25	5	536	0	0	0	0	0	0	0	0	0	0	4977	121	150	717	151	187	141	31	13	732
OTU_3	3085	10449	12042	4630	2341	7184	10538	13990	7468	5557	3219	352	2075	2274	127	544	1184	364	74	5008	35	16	42	56	73	30	20	37	52	92	7597	5741	3837	10862	9536	1053	1763	336	132	6046
OTU_31	2937	151	42	116	97	37	94	138	135	70	392	90	1	19	4	20	243	25	1	213	510	122	68	82	237	680	117	96	98	295	7032	137	159	86	154	25	319	32	15	318
OTU_7	2021	43	276	2552	6770	221	2259	1213	270	2135	157	6	2	2	15	1168	0	10	147	440	1	2	1	0	144	0	0	4	0	222	3965	3102	10280	2472	382	1803	10	21	262	467
OTU_15	1027	1004	116	19	40	277	639	741	2012	185	147	65	94	727	220	361	134	2	116	259	0	0	0	1	7	0	0	0	0	1	2345	18	50	790	2408	587	179	9	256	251
OTU_180	627	0	1	0	7	1	44	15	1	0	0	0	0	0	0	0	0	0	0	0	0	0	0	0	0	0	2	0	0	0	1576	0	10	44	0	0	0	0	0	0
OTU_9	572	228	207	711	550	695	86	116	661	137	121	174	41	84	54	228	9099	427	89	503	924	302	427	375	222	916	294	474	355	294	1589	782	733	72	834	302	11605	432	174	608
OTU_4	533	9523	3642	8022	4488	6172	554	1154	5772	7113	54	275	1376	565	353	374	98	1902	390	94	24	12	31	62	2	30	10	19	94	0	1234	9066	7080	635	6836	617	125	2142	692	143
OTU_6	344	171	6	620	4	3202	9176	1393	2182	275	11	1	0	0	0	0	1	9	1	224	0	54	4	6	8	0	54	4	1	7	756	810	6	10013	2762	0	1	18	1	330
OTU_20	340	665	700	175	61	231	2646	2099	434	192	68	52	0	101	4	29	310	91	0	183	5	2	7	2	34	7	0	5	0	48	807	179	89	2850	456	30	454	97	1	221
OTU_16	307	3082	1041	311	24	444	665	200	1958	809	0	5	0	0	4	7	0	17	0	0	9	14	45	20	18	5	11	58	9	12	956	395	35	796	2404	0	1	25	4	0
OTU_45	305	45	47	44	1956	210	63	37	49	132	57	50	0	3	0	10	56	120	10	58	35	30	251	33	60	50	25	281	42	99	735	66	3457	87	72	20	69	143	13	58
OTU_5	297	100	209	221	135	384	238	55	137	293	1410	10317	52	264	150	482	1294	12712	283	861	111	147	177	145	21	134	142	198	172	36	767	265	209	256	158	881	1921	13838	487	1253
OTU_12	234	114	2161	1140	51	258	1264	264	405	1197	169	430	1093	716	4170	1120	104	1111	3022	571	96	138	178	149	168	91	145	181	181	189	421	1436	175	1286	471	1805	191	1223	5740	745
OTU_422	217	94	1327	107	167	26	55	68	130	117	129	20	168	541	85	261	66	0	1	352	4	25	0	0	0	3	20	0	0	0	487	164	271	64	141	431	103	1	0	419
OTU_8	196	1341	185	4622	4922	30	1526	3789	155	280	12	2	1	11	0	21	13	1	2	15	0	14	0	8	107	0	30	0	8	110	501	5336	7341	1867	205	90	30	3	18	21
OTU_17	186	102	181	4242	272	443	57	13	220	130	103	72	9	230	22	49	38	350	17	268	63	88	113	131	137	66	79	144	150	131	432	4852	438	93	235	141	50	341	81	346
OTU_35	174	66	57	86	473	135	31	61	18	128	131	31	20	11	1	2	18	20	7	340	369	3024	371	506	403	409	3125	505	565	442	213	121	831	30	30	2	25	9	5	352
OTU_27	168	8	145	54	56	54	96	564	77	26	769	150	0	0	2	6	559	1	14	3058	190	23	32	154	215	233	21	33	141	275	330	50	78	99	78	2	943	0	0	3867
OTU_77	120	30	437	18	24	1241	3	6	80	268	8	78	3	33	328	324	1	277	289	1085	0	11	3	1	2	0	6	1	2	1	238	11	29	3	101	523	0	349	432	1313
OTU_309	117	0	0	0	0	0	0	0	0	0	0	0	0	0	0	0	0	0	0	0	2	0	5	3	7	5	2	0	3	5	249	0	0	0	0	0	0	0	0	0
OTU_34	112	23	30	33	35	7	34	18	283	152	41	57	9	27	123	629	53	119	241	221	1159	794	1137	844	578	1265	882	1364	1003	783	207	40	71	28	359	949	56	135	355	340
OTU_65	107	61	121	132	19	97	998	112	193	234	146	204	224	13	5	7	86	218	7	110	30	52	29	51	71	33	65	54	59	111	234	176	29	1092	191	9	143	242	5	137
OTU_79	104	1	6	207	143	0	90	7	2	7	13	2	3	7	8	2	2	1	0	11	128	170	115	34	53	139	217	195	36	73	158	284	275	118	3	0	0	0	0	20
OTU_14	99	214	567	37	44	2397	1203	505	162	521	36	113	791	982	218	153	108	450	182	173	28	207	104	52	94	34	252	130	68	135	222	45	111	1294	207	191	135	492	295	247
OTU_81	81	25	235	15	9	112	685	85	55	67	393	2	1	1	0	0	11	0	0	240	30	282	10	13	3	37	319	27	8	12	130	26	45	748	80	2	24	0	0	363
OTU_83	71	756	71	138	20	119	267	122	124	255	87	66	179	75	15	9	48	26	4	27	268	267	252	719	297	310	274	306	865	277	176	186	19	310	142	4	86	27	17	41
OTU_58	68	329	469	104	25	35	50	10	485	254	2	4	0	0	1	0	1	0	1	1	16	422	18	25	189	23	468	36	34	268	259	109	65	59	600	0	1	0	3	0
OTU_130	60	2	8	19	15	0	8	36	0	2	60	31	0	1	12	14	46	11	7	59	188	93	185	134	147	229	85	191	159	171	98	23	21	7	7	9	65	13	22	58
OTU_69	35	22	435	13	32	968	12	6	197	350	17	63	34	10	103	10	2	9	152	28	46	128	124	93	143	67	187	162	85	164	34	34	43	6	281	5	5	11	336	40
OTU_11	29	32	16	52	143	120	16	12	38	45	405	1856	49	317	222	601	135	3993	894	455	717	234	215	668	143	648	272	352	810	193	65	37	289	25	49	939	218	4504	2057	587
OTU_10	27	93	3801	3410	34	0	331	4895	55	4	120	0	0	5	1	0	67	0	0	39	5	81	268	0	0	12	137	325	2	0	64	4253	119	335	77	3	58	0	0	52
OTU_38	27	1	7	19	24	1	25	17	33	70	2228	649	3	135	32	58	1465	321	8	858	36	30	71	197	54	42	21	95	242	88	103	22	53	39	51	116	2125	338	28	1190
OTU_1102	27	0	0	0	0	0	0	0	0	0	0	0	0	0	0	0	0	0	0	0	0	0	0	0	0	0	0	0	0	0	32	0	0	0	0	0	0	0	0	0
OTU_129	22	46	69	38	12	6	7	13	11	291	23	3	28	3	52	51	5	83	25	30	95	205	19	184	17	86	216	22	199	13	78	42	7	3	32	112	6	74	41	29
OTU_89	22	2	2	18	0	1	0	0	0	21	2	0	0	0	0	0	2	0	0	2	100	67	248	87	422	102	92	294	69	511	70	24	0	1	0	2	0	0	0	9
OTU_22	19	33	11	20	18	6	16	52	9	11	104	40	2	8	11	8	58	20	11	247	2273	1394	868	746	1339	2526	1426	1143	745	1511	46	28	34	35	13	34	85	34	21	391
OTU_155	19	60	4	2	24	7	7	3	15	4	7	1	0	0	0	6	0	3	0	10	31	29	10	326	65	40	51	14	402	82	66	2	46	5	39	13	5	4	0	12
OTU_981	18	0	0	0	2	0	1	0	2	0	0	2	0	0	1	1	0	0	1	0	5	3	1	0	7	2	7	0	1	6	12	0	4	3	0	0	0	1	0	1
OTU_217	17	1	0	6	13	0	1	69	0	0	0	0	0	0	0	0	0	0	0	0	3	1	27	3	65	3	1	25	0	109	36	6	27	1	2	0	0	0	0	0
OTU_200	16	0	32	85	24	0	0	0	0	0	4	0	0	0	0	0	0	0	0	0	5	3	3	21	4	10	1	1	30	8	47	87	38	0	0	1	0	0	0	0
OTU_28	15	4	1	5	3	0	2	2	6	3	16	13	4	5	2	49	43	0	0	15	862	233	1576	555	1096	943	321	1918	642	1199	11	2	4	2	5	52	76	3	0	13
OTU_88	14	70	12	0	3	603	3	4	62	42	9	8	31	7	7	187	1	7	2	17	186	219	233	308	497	228	290	324	301	748	24	0	16	3	87	371	1	3	19	12
OTU_143	14	10	8	12	24	13	13	6	7	13	46	77	2	2	3	0	36	180	6	19	4	0	4	0	0	5	0	7	0	0	44	8	25	18	7	1	26	211	14	28
OTU_100	14	10	5	37	1	3	6	18	6	25	83	29	0	0	0	2	238	0	0	83	93	36	72	66	81	87	49	72	69	116	25	46	6	7	10	3	295	0	0	137
OTU_219	12	2	4	4	0	0	3	4	4	0	44	0	0	0	0	0	0	0	0	0	103	7	6	31	16	108	6	6	38	21	37	2	0	1	1	0	4	0	0	1
OTU_113	12	0	0	1	0	1	1	0	1	1	1	1	0	0	0	0	2	0	0	24	181	76	119	60	161	160	59	150	75	214	22	0	0	2	1	0	1	2	0	41
OTU_420	12	17	0	14	13	2	11	7	11	2	11	3	0	2	0	2	3	1	0	6	8	0	3	5	26	15	1	4	9	29	25	15	10	13	13	0	2	1	2	9
OTU_225	8	0	28	60	1	0	8	11	0	11	0	4	2	5	7	0	223	0	9	3	0	2	0	0	0	0	0	0	0	0	0	58	3	12	0	0	303	0	26	5
OTU_213	8	0	0	0	0	0	108	0	0	0	19	2	0	0	0	0	10	0	0	0	0	0	0	12	1	0	0	0	27	0	5	0	0	128	0	0	12	0	0	0
OTU_270	8	0	1	0	0	0	0	0	13	0	0	0	0	0	0	0	0	0	0	0	0	0	0	0	140	0	0	0	0	117	28	0	3	0	13	0	0	0	0	0
OTU_103	7	3	2	0	40	0	1	3	0	4	18	12	4	16	6	3	280	7	0	15	78	14	46	19	208	122	24	85	32	243	4	6	101	0	0	3	376	6	0	23
OTU_39	7	47	3	82	3	0	54	57	5	4	1200	179	0	1	1	1	947	0	13	3022	68	0	686	277	139	65	1	831	311	161	19	116	18	72	15	0	1587	0	0	4178
OTU_587	7	0	1	3	1	0	3	1	0	0	0	0	0	6	0	6	0	1	2	8	0	0	1	1	0	0	0	2	0	0	32	4	3	3	1	18	0	1	2	2
OTU_1219	7	0	3	0	0	1	0	0	0	2	0	1	0	0	0	0	0	0	0	0	1	1	0	0	0	0	1	4	1	1	0	0	0	0	1	0	2	0	0	0
OTU_169	6	1	4	2	5	0	0	26	44	0	3	1	0	0	2	0	1	1	0	4	177	81	116	47	72	193	93	161	44	84	4	5	2	4	26	0	1	2	0	9
OTU_26	6	4	16	41	1	0	2	4	6	2	27	11	0	0	0	36	9	0	0	14	1712	432	2343	383	533	1867	454	2675	409	630	20	66	8	3	6	45	13	1	0	13
OTU_266	6	9	0	2	15	1	0	0	3	2	0	0	0	0	0	0	2	1	0	3	16	20	9	40	16	11	11	5	29	37	16	0	22	1	8	0	0	1	0	6
OTU_305	6	1	0	9	0	1	4	9	2	2	0	0	0	0	0	0	0	0	0	1	14	7	14	14	24	13	14	22	15	13	4	6	1	6	10	0	2	0	0	0
OTU_24	5	2	3	7	38	299	12	4	1	19	375	2489	1	11	9	8	69	3161	19	149	36	17	89	11	13	19	19	133	12	13	40	8	75	4	2	22	117	3491	33	183
OTU_110	5	13	0	2	0	0	1	7	4	13	5	15	361	36	39	278	19	24	61	28	11	0	10	0	1	18	2	12	0	6	12	0	1	2	6	441	27	41	151	31
OTU_810	5	2	0	1	10	0	0	0	1	0	0	0	0	0	0	0	0	0	0	0	4	3	4	0	3	7	6	3	0	1	12	1	11	2	0	0	0	1	0	0
OTU_418	5	2	9	31	0	1	8	0	8	0	7	5	0	0	0	0	0	0	0	0	3	1	0	1	1	0	0	0	1	1	10	40	0	24	21	0	0	0	0	0
OTU_330	5	0	0	4	1	0	0	0	0	1	1	2	0	0	3	0	2	1	3	4	18	5	6	2	12	27	5	1	1	8	17	0	7	0	0	1	2	4	8	1
OTU_23	4	7	3	28	11	0	25	23	1	0	50	7	1	10	10	10	10	17	1	76	264	2727	1255	707	847	236	2986	1477	832	1003	14	47	29	32	6	23	14	25	1	115
OTU_44	4	6	0	13	12	0	3	3	11	2	24	8	0	6	3	26	2	4	8	26	604	480	629	884	332	665	565	828	1126	395	8	30	31	7	16	51	7	0	12	36
OTU_93	4	0	0	2	0	0	2	16	1	0	17	16	0	0	0	0	2	0	0	13	78	457	328	31	42	67	480	425	33	78	0	1	6	3	1	0	6	0	0	12
OTU_33	4	13	0	0	0	1	2	1	1	0	2	1	0	0	0	0	1	1	0	11	10	3396	8	28	97	11	3703	26	37	164	0	0	0	1	3	0	0	0	0	11
OTU_206	4	0	0	0	3	0	0	2	1	0	0	2	0	0	1	10	0	2	0	7	88	21	72	32	77	115	24	79	47	76	7	2	0	1	0	19	7	0	1	8
OTU_125	4	3	7	1	3	3	1	0	1	4	4	31	2	0	2	14	23	19	9	23	16	262	23	42	26	10	295	36	37	16	28	0	4	0	1	40	47	12	19	33
OTU_362	4	5	0	0	1	0	1	3	1	0	22	17	2	0	0	1	43	3	0	19	1	0	0	0	0	0	1	0	0	0	1	1	4	0	0	5	79	0	0	23
OTU_443	4	5	0	6	4	0	4	1	3	0	22	11	0	1	0	0	11	2	0	7	2	2	8	5	7	4	3	10	4	7	1	3	0	5	1	2	7	5	1	9
OTU_678	3	14	6	4	2	3	2	8	3	9	77	29	0	1	0	4	89	16	0	436	559	340	177	211	303	629	374	275	229	332	7	10	3	0	5	6	138	17	3	608
OTU_179	3	0	1	2	0	7	2	0	0	2	5	25	0	9	10	5	8	141	28	30	19	6	29	85	17	28	9	36	97	17	0	0	0	1	1	5	13	158	24	56
OTU_555	3	0	0	0	0	0	0	0	0	0	6	0	0	0	0	4	0	0	0	0	6	3	8	2	19	8	2	5	2	19	7	0	0	0	0	1	0	0	0	0
OTU_146	3	734	24	0	0	30	4	0	34	6	0	0	0	0	0	0	0	0	0	0	10	6	0	9	0	13	2	1	6	2	16	0	2	11	57	0	0	0	0	0
OTU_652	3	0	0	0	0	0	0	0	0	0	4	18	0	3	0	0	0	18	0	0	0	3	6	0	0	0	1	0	0	0	14	0	0	0	0	0	2	20	2	4
OTU_1206	3	0	0	0	2	0	0	0	0	0	0	1	0	0	0	0	0	0	0	0	1	1	0	0	0	2	0	2	0	0	0	0	0	0	0	0	0	0	0	0
OTU_755	3	2	0	1	0	5	0	4	0	0	4	0	0	0	0	0	1	0	0	1	0	1	0	3	0	1	1	0	1	0	1	0	0	0	0	0	0	0	0	3
OTU_1171	3	0	0	0	1	0	0	1	0	0	0	0	0	0	0	0	0	0	0	0	4	0	2	0	0	0	0	0	0	0	10	1	2	0	0	0	0	0	0	0
OTU_18	2	968	0	1	1	2	1008	1163	2013	0	0	3	1	4	20	0	29	12	0	5	1130	34	5	3	23	1259	55	3	5	14	6	0	3	1027	2452	0	50	7	8	9
OTU_32	2	16	7	41	6	2	10	100	9	15	31	466	13	28	423	911	1	2136	248	69	63	39	60	85	55	60	54	94	98	59	0	40	23	22	16	1706	2	2572	684	74
OTU_467	2	12	0	16	0	1	7	4	10	3	5	2	0	4	7	5	2	3	0	16	68	44	141	725	65	88	53	166	825	78	2	10	0	2	19	11	3	1	3	22
OTU_92	2	2	27	13	4	7	3	24	11	27	7	4	24	29	30	43	10	2	11	7	351	54	67	258	109	402	68	72	276	127	6	15	0	0	29	70	5	0	27	9
OTU_122	2	9	1	0	0	0	1	0	9	0	2	0	0	0	45	2	0	14	0	0	49	117	96	46	90	52	140	153	33	103	0	0	0	0	7	1	0	15	4	9
OTU_134	2	24	2	19	0	4	39	20	18	10	202	83	6	2	0	4	71	6	0	45	112	59	12	11	12	93	46	7	8	4	11	8	6	37	21	2	103	5	0	76
OTU_164	2	0	0	0	0	0	0	0	0	0	0	1	0	0	1	0	0	5	0	1	27	19	84	66	85	27	23	95	84	121	0	0	0	0	0	0	0	6	0	2
OTU_56	2	34	108	14	25	0	6	3	2	8	114	15	1	3	0	0	17	2	1	11	132	95	49	28	2556	160	130	67	25	3094	22	13	35	7	10	6	32	2	0	19
OTU_43	2	12	68	65	78	21	8	11	143	101	15	43	9	5	152	117	7	27	268	35	327	598	715	392	87	403	657	960	479	139	18	110	141	12	161	159	12	33	706	44
OTU_386	2	0	0	2	0	0	0	4	3	0	3	5	7	2	0	7	0	5	0	9	1	0	2	1	21	1	1	0	3	17	1	0	0	1	3	0	0	9	0	10
OTU_126	2	0	0	0	0	0	1	0	0	0	0	18	1	19	53	182	0	40	2	297	0	0	1	0	0	0	0	2	1	0	11	0	0	0	0	292	0	31	4	378
OTU_181	2	2	2	3	0	0	6	117	4	6	43	63	42	42	11	3	2	61	7	38	2	7	13	20	30	6	4	11	25	29	18	1	7	4	16	34	4	96	4	67
OTU_167	2	9	371	1	0	0	1	3	3	14	4	1	0	0	0	0	0	1	0	7	10	6	14	1	14	7	16	22	1	27	14	0	5	2	5	0	0	0	0	0
OTU_931	2	0	0	1	7	1	9	6	2	4	0	0	0	0	0	0	0	0	0	0	0	0	0	0	0	0	0	0	0	0	3	4	5	6	2	0	0	0	0	1
OTU_957	2	0	0	2	0	1	5	1	0	0	1	2	0	0	0	0	0	0	0	1	2	0	1	0	0	1	0	0	0	0	7	0	0	3	0	0	0	0	0	2
OTU_262	2	1	1	11	0	0	6	5	3	4	23	11	1	0	0	0	15	0	0	17	20	24	4	4	7	20	12	0	3	12	7	13	2	4	1	0	22	0	0	14
OTU_686	2	1	0	0	0	0	0	0	1	0	0	0	0	0	0	0	2	0	0	1	2	3	1	3	4	1	0	4	5	4	8	0	2	3	0	0	1	0	0	1
OTU_886	2	0	0	2	0	0	1	0	0	0	26	1	0	0	0	0	3	0	0	0	2	0	0	0	0	1	0	0	0	0	1	2	1	0	0	0	2	0	0	1
OTU_961	2	1	1	1	1	0	1	0	1	5	8	0	0	0	0	0	0	0	0	3	0	0	0	0	0	0	0	0	1	0	8	7	1	0	0	1	0	0	0	2
OTU_677	2	12	0	0	0	1	7	2	1	0	0	0	3	0	6	0	0	0	2	0	1	0	0	0	0	5	0	0	0	0	0	0	0	9	0	0	0	0	0	0
OTU_133	1	1	1	0	3	8	4	176	5	296	1	1	0	12	1	9	0	1	0	3	301	6	67	27	94	333	10	58	13	163	0	0	2	6	9	13	0	0	6	13
OTU_53	1	605	429	194	145	755	122	105	112	153	183	95	11	13	1	23	11	77	0	527	0	4	10	9	23	6	5	12	8	14	7	222	276	165	135	29	7	91	0	709
OTU_50	1	6	2	11	2	0	7	1	1	1	84	12	1	15	5	0	8	25	0	202	124	1439	289	359	626	176	1564	325	345	747	11	10	5	5	2	1	10	30	4	203
OTU_396	1	32	0	4	3	0	11	13	1	0	79	23	1	2	2	5	0	26	0	13	16	4	8	0	0	15	6	15	0	0	3	3	14	16	7	37	0	28	1	22
OTU_21	1	4	33	40	604	147	6	1	3186	1497	3	0	0	0	1	5	1	27	0	4	39	32	27	89	44	43	36	24	142	38	5	44	1018	2	3726	11	6	26	4	5
OTU_218	1	0	0	1	1	1	1	2	2	0	5	0	0	5	6	2	1	0	3	3	15	15	149	57	28	16	31	153	43	27	0	0	0	1	0	8	2	0	19	4
OTU_1129	1	1	0	0	0	0	0	0	0	0	0	0	0	0	2	0	0	0	0	0	4	1	3	5	9	3	2	7	2	6	0	0	0	0	1	0	0	0	0	1
OTU_300	1	2	0	7	0	12	0	0	0	0	5	2	0	0	0	0	48	0	0	9	3	7	0	0	1	1	5	3	0	0	9	1	0	1	1	0	116	0	0	24
OTU_147	1	0	0	0	0	0	0	0	0	0	0	1	0	5	0	0	0	0	0	0	19	55	100	127	16	23	82	104	180	13	3	2	0	0	0	0	1	0	0	1
OTU_141	1	1	0	0	0	0	1	1	0	22	204	165	0	0	0	4	221	6	0	92	18	10	40	47	74	18	16	50	56	75	4	0	0	0	0	11	356	6	0	160
OTU_255	1	0	0	1	5	0	0	0	0	0	0	2	0	0	10	5	3	2	13	6	22	20	2	26	26	35	24	7	16	35	2	0	7	1	0	2	1	1	14	10
OTU_537	1	5	1	2	2	0	3	2	5	1	12	4	0	5	1	13	3	3	1	13	5	12	5	2	0	2	4	7	1	0	9	1	6	5	0	12	0	0	10	9
OTU_236	1	0	0	0	8	3	0	0	0	1	21	3	0	3	3	5	7	5	2	36	5	7	14	2	8	2	6	23	2	12	0	0	10	1	0	13	22	4	0	69
OTU_789	1	0	0	0	0	0	0	0	0	0	0	1	0	0	0	0	0	0	0	0	8	0	1	0	8	9	0	0	0	8	0	0	0	0	0	0	0	0	0	0
OTU_1161	1	0	0	1	1	0	0	0	0	1	0	0	0	0	0	0	0	0	0	0	1	1	2	2	8	0	0	4	1	4	0	0	0	0	1	0	3	1	0	2
OTU_687	1	0	3	2	0	0	5	7	0	5	0	0	0	0	0	0	0	0	0	0	0	0	0	0	0	0	0	0	0	0	2	5	2	12	0	2	0	0	0	2
OTU_319	1	0	0	1	0	0	0	0	0	0	0	2	0	0	0	0	0	0	0	0	17	9	11	19	9	18	16	19	30	11	0	0	0	0	0	1	0	0	0	2
OTU_25	0	3	58	0	0	22	0	0	1	890	21	743	0	0	0	1	4447	0	1	283	7	0	0	0	0	12	0	1	0	0	0	0	0	0	0	3	6103	0	0	378
OTU_248	0	0	0	0	0	0	0	0	0	1	0	29	0	1	25	30	0	6	174	22	7	3	5	1	2	10	7	11	1	1	0	0	0	6	1	56	0	9	351	24
OTU_47	0	60	1	4	3	0	151	0	0	12	2263	0	0	0	0	0	0	6	0	14	140	0	0	2802	1	177	0	0	3121	0	0	2	0	168	0	0	0	2	0	21
OTU_41	0	108	80	9	0	3	405	613	7	19	255	111	2631	70	10	378	7	68	5	342	6	17	29	17	30	15	13	40	18	35	0	6	2	460	3	723	29	99	16	469
OTU_162	0	2	1	3	3	0	2	0	0	0	3	0	3	0	0	0	0	0	0	0	45	50	99	103	281	58	60	134	139	341	4	2	18	1	3	0	0	1	0	1
OTU_67	0	0	0	0	0	1	0	0	9	0	67	3573	3	98	7	12	14	68	2	21	6	6	22	28	24	14	4	22	37	29	0	0	0	0	6	15	24	71	9	20
OTU_1184	0	0	0	0	0	0	0	0	0	0	15	1	0	0	0	0	0	0	0	0	0	0	2	0	0	0	0	3	2	0	0	0	0	0	0	3	1	0	0	2
OTU_55	0	2	0	19	13	0	1	1	6	5	12	53	0	0	2	15	285	6	2	45	401	498	371	513	502	455	559	477	533	657	0	33	13	3	8	32	364	7	9	55
OTU_68	0	0	0	0	0	0	0	0	0	0	17	345	0	0	0	0	928	0	0	0	2732	0	4	0	3	2966	1	0	0	0	0	0	0	0	3	0	1409	2	0	0
OTU_13	0	0	18	0	0	0	0	0	0	0	3	78	9423	1630	870	6194	0	713	300	1277	0	0	0	0	22	0	1	0	0	32	0	2	0	0	0	9757	0	852	543	1583
OTU_62	0	426	54	190	61	417	198	350	215	0	15	50	22	17	154	388	7	126	374	114	2	0	0	1	0	6	0	0	0	0	17	229	97	235	267	650	19	110	789	142
OTU_64	0	7	0	0	1	0	0	0	1351	0	1	80	0	0	0	0	0	1	0	0	0	0	0	3	0	1	0	0	3	0	0	1	0	0	1619	0	0	2	0	0
OTU_46	0	9	14	7	13	19	1	5	11	2	20	51	22	7	13	232	23	2	8	195	777	443	387	938	1984	956	531	533	1097	2497	0	19	24	0	13	312	27	5	12	217
OTU_138	0	29	0	0	0	0	0	0	0	0	1	10	180	27	39	14	0	2	345	8	0	0	26	0	5	0	1	54	0	4	0	0	0	0	0	39	0	4	734	10
OTU_301	0	0	0	1	0	0	0	5	0	0	1	1	0	0	0	0	6	0	0	2	10	6	18	37	11	6	18	21	31	12	0	1	0	0	0	0	9	0	0	1
OTU_78	0	6	7	8	0	20	21	7	9	0	14	14	0	0	0	15	5	8	4	22	945	223	729	311	640	967	242	1000	360	770	3	9	1	21	5	15	8	7	0	13
OTU_648	0	0	0	0	0	0	0	0	0	0	0	0	0	0	0	0	0	0	0	0	3	4	11	1	2	4	3	9	1	6	0	0	0	0	0	1	0	0	0	1
OTU_30	0	16	98	10	0	0	4	13	64	46	591	7	11	3	967	269	14	15	194	1031	330	124	422	1439	177	338	140	613	1590	254	0	13	5	1	76	406	27	17	300	1185
OTU_63	0	0	0	0	2	0	0	0	0	0	9	140	822	274	2189	68	3	472	357	134	23	19	8	13	4	36	28	8	13	0	0	0	3	0	0	119	7	494	698	188
OTU_61	0	0	128	0	0	1	1	1	5	3989	662	0	0	0	0	0	0	0	5	895	1	0	0	0	0	1	0	0	0	0	0	0	0	0	1	0	0	0	0	1073
OTU_690	0	0	0	0	0	0	0	0	0	0	8	9	0	0	0	0	10	0	0	0	3	0	4	11	0	3	0	13	14	0	0	0	0	0	0	0	12	0	0	0
OTU_37	0	0	0	0	0	0	0	0	0	0	0	0	0	0	0	0	0	0	0	0	0	2536	0	950	0	0	2739	1	1270	0	0	0	0	0	0	0	0	0	0	0
OTU_502	0	0	0	0	0	0	0	0	0	0	0	0	0	0	0	0	0	0	0	0	2	0	4	0	40	4	0	0	0	49	0	0	0	0	0	0	0	0	0	0
OTU_423	0	0	0	0	0	0	0	0	0	0	0	0	0	0	0	0	0	0	0	0	2	23	23	12	32	2	43	33	19	30	0	0	0	0	0	0	0	0	0	0
OTU_292	0	23	0	0	0	0	0	0	0	0	4	18	1318	1998	1896	28	0	17	6296	75	1	6	0	0	5	2	3	3	0	4	0	0	0	0	0	35	1	19	11122	71
OTU_152	0	0	2	6	0	0	0	0	0	0	0	8	0	0	0	0	0	0	0	1	129	21	4	101	54	174	41	7	87	64	0	6	0	0	0	0	1	1	0	0
OTU_407	0	0	0	2	1	0	2	2	15	0	26	0	0	0	0	0	2	0	9	0	15	1	0	0	0	22	0	2	0	1	0	0	5	3	24	0	6	0	28	1
OTU_86	0	1	22	94	4	0	0	0	0	0	195	4	0	0	0	0	512	1	0	6	61	3	96	14	73	63	8	95	26	94	0	106	3	0	3	0	654	0	0	2
OTU_42	0	0	9	0	0	0	17	0	0	0	58	31	19	183	962	3137	39	17	9	661	39	63	184	123	87	49	70	254	132	105	0	0	1	20	0	4731	57	17	4	809
OTU_60	0	0	0	0	0	0	0	0	0	0	9	4	0	0	0	0	0	0	0	1	4	0	0	7	1774	1	0	0	4	2139	0	0	0	0	0	0	1	0	0	0
OTU_51	0	1	6	2	0	0	0	0	0	2	8	427	86	135	493	24	3	7	133	24	499	641	299	194	531	598	782	450	213	637	0	1	0	0	0	21	1	5	230	36
OTU_163	0	2	0	0	0	0	3	1	1	0	8	152	0	0	0	5	22	0	0	12	108	37	35	19	71	101	44	62	20	79	2	1	0	0	0	0	21	1	0	4
OTU_70	0	0	0	0	0	0	0	0	0	0	0	0	0	0	0	0	0	0	0	0	0	1663	0	0	0	0	1738	0	0	0	0	0	0	0	0	0	0	0	0	0
OTU_49	0	0	0	0	0	0	0	0	0	0	0	2	12	7324	3	12	0	0	0	5	0	0	3	0	0	0	0	1	0	0	0	0	0	0	0	8	0	2	0	3
OTU_82	0	0	11	0	0	0	0	1	0	0	8	7	1	2	48	108	5	219	163	9	55	60	334	75	17	61	66	391	83	24	0	0	0	0	0	135	6	240	310	16
OTU_76	0	4	0	10	2	0	1	6	120	0	7	22	0	0	0	0	44	0	0	10	387	56	176	297	220	329	63	213	357	337	1	19	1	1	141	3	84	0	1	13
OTU_57	0	2	48	2	8	1	1	5	24	67	17	23	0	1	0	0	0	0	0	3	1874	285	43	74	21	2008	354	44	99	17	0	3	10	1	39	0	3	0	0	1
OTU_812	0	0	0	0	0	0	0	0	0	0	0	1	2	0	8	0	0	15	10	0	0	0	0	0	0	0	0	0	0	0	0	0	0	0	0	0	0	13	27	2
OTU_313	0	0	0	1	0	0	0	0	0	1	45	19	0	0	1	0	7	0	0	33	38	0	38	19	45	42	0	37	20	49	0	2	0	0	0	0	6	0	0	41
OTU_40	0	58	19	3	125	1	8	13	3	17	2208	2265	416	167	718	656	12	336	267	159	159	141	24	1554	66	166	188	32	1706	71	6	6	196	7	5	1083	15	418	587	219
OTU_374	0	0	0	0	0	0	0	0	0	0	3	3	0	0	0	0	1	0	0	0	4	5	13	3	50	3	8	19	3	72	0	0	0	0	0	0	0	0	0	1
OTU_563	0	0	0	0	0	0	0	0	0	0	7	0	0	0	13	0	0	0	29	0	4	0	0	9	0	7	0	0	6	0	0	0	0	0	0	0	1	0	14	0
OTU_71	0	0	0	1	0	0	1	0	1	0	60	5	0	0	1	0	3	0	1	338	97	160	330	191	344	105	189	456	249	461	0	0	3	0	2	0	1	0	0	412
OTU_177	0	0	0	0	0	0	0	0	0	0	0	0	0	0	0	0	1	1	0	0	43	26	46	49	128	47	30	64	42	144	6	0	0	0	0	0	3	0	0	2
OTU_109	0	0	0	0	0	0	0	0	0	0	68	177	13	99	0	0	561	0	0	142	0	0	0	0	2	0	0	0	0	0	3	0	0	0	0	0	757	2	0	191
OTU_74	0	0	0	0	0	0	0	0	0	0	0	0	0	0	0	0	2768	0	0	0	0	0	0	0	0	0	0	0	0	0	0	0	1	0	0	2	3622	0	0	0
OTU_132	0	0	0	0	3	0	0	0	0	0	19	1120	0	0	1	0	0	45	0	0	13	0	0	13	19	6	0	0	6	25	7	0	0	0	0	0	3	34	0	0
OTU_272	0	0	0	2	0	0	1	4	0	0	4	0	0	0	0	0	2	0	0	0	1	20	6	16	27	3	37	8	8	36	0	2	10	3	1	0	0	0	0	2
OTU_282	0	2	0	5	0	0	2	1	0	0	7	9	0	0	0	1	3	0	0	5	57	11	18	55	39	49	10	25	47	77	0	10	0	1	2	2	6	0	5	11
OTU_193	0	0	0	0	0	0	0	1	7	6	0	0	0	0	0	0	0	0	0	0	41	165	1	527	5	52	199	3	590	2	0	0	0	0	19	0	0	0	0	0
OTU_85	0	1	1	0	0	0	0	2	156	0	0	0	0	0	0	1	0	0	0	6	198	126	321	232	565	197	168	347	257	656	0	0	0	1	218	1	3	1	0	2
OTU_275	0	1	0	0	3	0	0	0	1	12	0	0	0	5	0	0	0	0	0	2	31	17	24	10	12	39	13	32	3	25	0	0	0	0	8	0	0	0	0	1
OTU_119	0	3	3	2	3	0	0	0	0	2	1	7	1	0	1	11	3	7	0	6	90	25	187	42	57	116	50	257	56	85	0	4	10	0	1	68	2	11	2	5
OTU_249	0	0	0	0	0	0	0	0	0	0	0	0	0	0	0	0	0	1	0	0	22	4	24	15	61	21	4	44	19	56	0	0	0	0	0	0	0	0	0	0
OTU_772	0	0	0	0	0	0	0	0	0	0	0	0	0	0	0	0	0	0	0	0	11	0	1	0	3	17	0	7	0	0	0	0	0	0	0	0	0	0	0	0
OTU_765	0	0	1	0	0	1	0	0	0	0	0	2	0	0	0	0	0	14	0	0	0	0	0	0	0	0	0	0	0	0	0	0	0	0	0	0	0	22	0	0
OTU_192	0	0	0	0	0	0	0	0	0	0	0	1	1	0	0	0	2	5	0	0	23	3	117	200	21	31	1	143	201	45	0	0	0	0	0	0	0	2	0	1
OTU_95	0	0	0	0	0	0	0	0	0	0	0	0	37	3	867	6	0	70	677	2	0	9	13	8	59	0	4	8	24	71	0	0	0	0	0	11	0	62	1494	0
OTU_233	0	1	0	3	1	0	0	0	0	0	2	0	0	0	0	0	0	6	0	0	14	7	54	40	11	15	13	80	48	10	0	2	0	0	0	0	0	8	0	1
OTU_656	0	0	0	39	0	0	0	0	0	0	0	0	0	0	0	0	1	0	0	2	0	0	0	0	0	0	0	0	0	0	0	29	0	0	0	0	0	0	0	0
OTU_210	0	0	0	0	0	0	0	0	0	0	0	0	0	0	0	0	0	0	0	0	12	0	62	102	0	12	0	66	123	2	0	0	0	0	0	0	0	0	0	0
OTU_29	0	4	5	4	0	31	0	0	16	115	33	1817	4154	83	26	1	0	686	62	2	0	1	8	234	0	0	4	9	286	2	0	1	4	1	36	0	0	707	119	0
OTU_1039	0	0	0	0	0	0	0	0	0	0	0	0	0	0	0	0	0	0	0	0	5	0	3	3	0	0	2	22	0	0	0	0	0	0	0	0	0	0	0	0
OTU_80	0	0	0	1	0	0	0	0	2	0	2	2	0	0	0	4	0	0	0	2	55	39	466	118	424	53	44	568	139	515	0	1	0	0	0	5	0	0	0	11
OTU_48	0	1	2	3	275	0	2	10	2	107	54	7	1	3	311	65	2	0	43	60	299	434	432	562	618	321	472	578	574	754	3	0	383	4	1	103	4	3	53	70
OTU_742	0	0	0	0	0	0	0	0	0	0	0	0	1	0	0	3	0	0	0	0	0	0	0	5	0	3	0	0	18	0	0	0	0	0	1	0	0	0	1	2
OTU_75	0	0	0	0	0	0	0	0	0	0	46	0	2	8	1	113	0	75	18	12	350	162	254	104	92	414	228	381	127	129	0	0	0	0	0	176	2	97	28	32
OTU_529	0	1	123	11	0	344	5	102	172	1	0	1	0	6	2	0	0	0	0	3	8	1	1	12	1	17	0	7	13	2	0	13	5	2	296	0	0	0	0	8
OTU_513	0	0	0	0	0	0	0	0	0	0	0	0	0	0	0	0	0	0	0	0	4	0	73	0	0	6	0	75	0	5	0	0	0	0	0	0	0	0	0	0
OTU_66	0	18	1	0	10	6	2	4	32	12	6	7	0	0	0	0	2	0	0	0	1026	388	104	86	133	1105	461	117	102	130	0	1	10	3	46	0	5	1	0	0
OTU_586	0	0	0	0	0	0	0	0	2	0	3	0	0	0	1	13	1	0	0	0	18	0	0	20	3	12	4	0	22	1	0	0	0	0	8	26	0	8	0	0
OTU_123	0	0	1	1	0	86	0	0	1	20	49	6	0	21	1	4	0	11	1	14	142	198	101	150	31	161	236	128	166	40	0	3	0	0	4	2	5	11	0	12
OTU_154	0	0	0	0	0	0	0	0	0	0	1	0	0	2	4	183	0	0	0	183	26	30	8	259	0	23	40	4	338	0	0	0	0	0	0	355	0	0	0	281
OTU_87	0	0	0	0	0	0	0	0	0	0	1	0	0	0	1858	16	0	0	173	0	0	6	3	1	0	0	3	3	1	1	0	0	0	0	0	0	0	0	278	0
OTU_145	0	2	3	7	0	0	1	3	0	5	0	18	1	4	32	12	0	4	144	9	1	110	141	3	0	1	89	189	4	0	0	9	5	0	0	32	1	7	224	10
OTU_251	0	0	0	3	1	0	0	1	0	0	0	0	0	0	3	0	0	0	3	2	24	7	28	16	10	38	6	40	26	20	0	0	1	0	2	0	0	0	0	2
OTU_578	0	0	0	0	0	0	0	0	0	0	0	0	0	0	0	0	0	0	0	21	0	8	0	0	0	0	10	0	0	0	0	0	0	0	0	0	0	0	0	10
OTU_345	0	0	0	0	0	0	0	0	0	0	0	2	0	0	0	0	0	0	0	0	0	10	4	45	52	0	16	6	55	84	0	0	0	0	0	0	0	1	0	0
OTU_90	0	0	0	4	0	0	0	0	0	1	4	5	5	177	6	6	11	16	0	10	115	58	267	138	284	133	66	328	176	294	1	2	0	0	7	2	3	11	0	12
OTU_52	0	4	6	7	5	2	3	5	5	4	11	15	0	0	5	7	6	11	2	10	596	273	774	362	656	668	282	896	441	823	4	11	6	4	3	37	9	6	6	8
OTU_194	0	0	67	0	52	0	2	4	0	7	7	203	4	19	18	25	4	153	30	65	68	4	0	1	0	78	4	8	1	1	0	0	58	2	0	79	0	187	82	50
OTU_102	0	5	203	0	0	0	0	0	6	0	1	28	30	26	23	167	0	162	19	138	10	15	24	10	5	6	20	17	8	9	0	0	0	0	1	411	0	254	61	182
OTU_227	0	0	0	0	0	0	13	173	0	0	24	4	0	0	0	0	0	0	0	0	0	3	1	0	28	0	2	2	0	29	0	0	0	8	0	0	0	0	0	0
OTU_128	0	0	2	2	0	0	0	0	0	0	2	17	34	267	2	469	0	0	1	59	0	27	0	28	0	1	34	1	46	0	0	3	0	0	0	859	1	1	0	71
OTU_98	0	16	6	12	5	0	34	3	2	0	5	95	2	26	74	86	0	279	83	89	37	115	34	19	7	47	142	33	23	9	0	22	5	49	3	92	0	304	193	90
OTU_91	0	1	1	0	0	0	0	1	0	0	0	22	4	6	62	13	2	14	27	21	55	61	481	39	124	73	61	579	50	145	0	0	0	0	0	17	3	20	81	22
OTU_97	0	2	2	0	0	3	0	3	0	0	8	1	0	0	0	1	8	0	0	71	248	247	121	33	125	227	247	159	55	164	0	0	0	0	0	0	9	0	2	70
OTU_207	0	0	0	0	0	0	0	0	0	0	4	132	0	0	0	4	0	74	0	3	7	6	5	16	19	1	11	17	8	18	0	0	0	0	0	2	0	74	0	4
OTU_173	0	0	0	114	0	0	0	0	0	0	0	71	5	8	2	133	0	11	0	93	0	5	105	0	0	0	0	177	0	0	0	115	0	0	0	256	0	9	0	93
OTU_283	0	1	0	0	0	0	0	0	0	1	4	11	0	0	83	5	0	15	24	1	8	4	14	2	4	8	3	17	1	6	0	0	0	0	0	8	1	13	15	3
OTU_245	0	0	0	0	0	0	0	0	0	0	0	0	0	0	0	0	1	0	0	1	3	124	20	2	23	9	123	17	7	19	0	0	0	0	0	0	0	0	0	0
OTU_613	0	0	0	0	0	0	0	0	0	0	0	22	0	0	0	0	0	47	0	0	0	0	0	0	0	0	0	0	0	0	0	0	0	0	0	0	0	52	0	0
OTU_201	0	0	0	0	0	0	0	0	0	0	0	0	0	0	0	0	1	0	0	0	6	75	18	100	4	3	119	19	101	6	0	0	0	0	0	4	0	0	0	0
OTU_101	0	0	0	0	0	0	0	0	0	0	8	0	0	0	0	30	0	0	0	169	35	33	9	548	2	27	49	11	678	1	0	0	0	0	0	86	1	0	0	238
OTU_329	0	0	0	0	0	0	0	0	0	0	3	41	0	40	16	37	0	46	35	9	0	1	2	0	0	0	2	2	0	1	0	0	3	0	0	10	0	49	122	9
OTU_161	0	0	0	0	0	0	0	0	0	0	8	1	0	0	0	0	0	7	0	22	1	10	40	313	9	2	14	39	277	5	0	0	0	0	0	0	0	13	0	11
OTU_350	0	0	0	0	0	0	0	0	0	0	4	1	0	7	0	53	0	9	1	13	0	1	6	0	14	0	1	6	1	7	0	0	0	0	0	61	0	13	0	14
OTU_426	0	0	0	0	0	0	0	0	0	0	0	0	0	0	0	0	0	0	0	2	0	43	0	1	0	0	45	0	2	0	0	0	0	0	0	0	0	0	0	3
OTU_73	0	2872	3	0	0	3539	0	0	26	34	13	55	0	0	8	0	0	0	0	0	0	0	0	0	0	0	0	0	0	0	0	0	0	0	31	0	0	0	6	1
OTU_54	0	2	0	0	0	31	0	0	0	0	3	1	45	203	2460	928	0	0	2291	78	0	45	0	1	0	0	36	1	5	0	0	0	0	0	1	1369	0	0	3853	92
OTU_105	0	0	2	1	0	0	0	0	0	104	10	474	0	2	6	77	5	39	139	227	0	5	0	2	2	4	9	8	2	6	0	0	0	2	1	181	20	70	358	313
OTU_212	0	0	1	1	0	1	1	1	0	0	2	118	0	0	0	0	0	5	0	0	5	7	5	5	92	7	12	6	5	139	0	1	0	1	0	0	4	4	0	0
OTU_204	0	0	580	0	0	0	0	0	95	0	0	24	0	0	0	0	0	42	0	0	0	0	0	0	0	0	0	0	0	0	0	0	0	0	150	5	0	60	7	1
OTU_120	0	15	163	71	206	4	33	47	38	11	18	1	1	2	42	12	2	2	100	9	10	13	1	317	2	12	3	3	289	0	1	128	359	35	54	16	0	4	210	4
OTU_978	0	0	0	0	0	0	0	0	0	1	11	0	0	0	0	7	0	0	0	0	1	11	0	16	1	2	4	2	12	1	0	0	0	0	0	15	0	0	0	2
OTU_107	0	0	0	0	0	0	0	0	0	0	0	1	0	0	0	0	0	0	0	0	0	0	0	551	0	0	0	0	739	0	0	0	0	0	0	0	0	3	0	0
OTU_118	0	0	4	1	0	0	0	0	0	0	2	2	0	0	5	710	0	1	5	62	22	36	51	32	77	45	47	56	44	49	0	5	0	0	5	1105	0	4	4	86
OTU_234	0	0	0	1	0	0	0	1	0	0	0	1	1	0	6	7	0	5	54	0	3	10	79	21	8	2	3	84	21	8	0	0	0	0	0	10	0	9	140	3
OTU_269	0	0	0	0	0	0	0	0	0	0	0	0	0	0	1	24	0	0	21	0	0	0	8	97	4	0	0	2	76	6	0	0	0	0	0	44	0	0	41	0
OTU_440	0	0	0	0	0	0	0	0	0	0	0	0	0	0	0	0	0	0	0	0	14	0	0	57	0	12	0	0	52	0	0	0	0	0	0	0	0	0	0	0
OTU_558	0	0	0	0	0	0	1	0	1	0	2	0	0	0	1	1	0	1	0	1	2	4	1	14	1	3	3	0	22	2	0	2	0	1	1	0	0	0	1	2
OTU_278	0	0	0	0	0	0	0	0	0	0	0	0	0	0	0	0	0	0	0	0	18	58	12	6	26	19	67	8	3	24	0	0	0	0	0	0	0	0	0	0
OTU_59	0	1	1	1	0	1	0	0	3	2	5	5	0	1	0	8	4	4	1	4	1341	313	117	45	199	1316	334	139	36	272	0	1	0	0	3	20	1	7	0	4
OTU_491	0	0	0	0	0	0	0	0	0	0	0	0	0	0	0	0	0	0	0	0	2	0	0	0	36	1	0	0	0	54	0	0	0	0	0	0	0	0	0	0
OTU_191	0	2	0	15	0	0	0	0	1	0	0	0	0	0	0	0	0	0	0	2	7	143	14	8	17	4	181	35	22	11	0	9	0	0	0	0	1	0	0	0
OTU_106	0	0	0	0	0	0	0	0	0	0	0	0	0	0	0	1	0	1	0	1	6	485	78	94	14	6	602	79	83	25	0	0	0	0	0	1	0	1	0	0
OTU_1120	0	0	0	0	0	0	0	0	0	0	0	0	0	5	936	4	0	0	140	1	0	0	0	0	0	0	0	0	0	0	0	0	0	0	0	0	0	0	301	1
OTU_190	0	0	0	1	0	0	0	0	1	0	0	1	101	0	90	1	10	0	68	0	0	0	129	0	1	8	0	157	0	0	0	2	0	0	2	0	20	1	235	0
OTU_197	0	5	0	6	0	0	2	7	2	68	5	0	1	1	0	0	5	0	0	5	2	66	7	6	29	10	103	14	6	35	0	13	0	1	4	0	8	0	0	1
OTU_933	0	0	0	0	0	0	0	0	0	0	2	0	0	0	1	0	0	0	0	1	2	5	8	8	4	3	3	6	5	6	0	0	0	0	0	0	0	0	0	1
OTU_306	0	0	0	0	0	0	0	0	0	0	0	0	0	0	0	0	0	0	0	0	6	0	19	35	9	3	0	26	47	16	0	0	0	0	0	0	0	0	0	0
OTU_160	0	0	7	0	0	0	0	0	0	0	0	1	0	0	3	16	8	0	6	1	55	82	77	26	32	64	128	80	29	46	0	0	0	0	0	20	0	0	3	6
OTU_429	0	0	0	0	0	0	0	0	0	0	0	0	0	0	0	0	0	0	0	0	49	0	0	0	0	64	0	0	0	0	0	0	0	0	0	0	0	0	0	0
OTU_304	0	1	0	6	0	0	0	7	1	8	1	0	0	0	0	0	49	0	0	0	23	0	0	0	0	19	0	2	0	1	0	4	0	0	1	0	75	0	0	0
OTU_356	0	0	0	0	0	0	0	0	0	0	0	0	0	0	0	0	0	0	0	0	0	6	43	11	16	1	11	71	28	13	0	0	0	0	0	0	1	0	0	0
OTU_185	0	0	3	1	0	0	0	0	1	0	0	4	0	0	0	0	1	0	0	0	24	2	47	6	162	34	5	45	8	224	0	0	0	0	0	0	0	0	0	0
OTU_215	0	0	0	0	0	0	3	2	1	0	1	0	0	0	0	0	0	0	0	10	105	52	24	0	0	126	60	32	0	0	0	0	0	9	1	0	0	0	0	11
OTU_936	0	0	0	0	0	0	0	0	0	0	0	0	0	0	0	0	0	0	0	0	0	0	4	4	1	0	0	10	5	2	0	0	0	0	0	0	0	0	0	0
OTU_94	0	1	2	7	0	0	0	16	3	28	148	164	0	0	0	0	271	1	0	0	0	0	3	25	435	0	1	0	30	566	0	18	3	0	6	0	449	3	0	0
OTU_195	0	0	0	0	0	0	0	0	0	0	0	0	0	0	0	0	0	0	0	0	30	6	32	171	70	24	6	47	193	61	0	0	0	0	0	0	0	0	0	1
OTU_84	0	0	0	0	0	0	0	0	0	0	0	0	0	0	0	0	0	0	0	0	0	1	0	1089	0	0	0	0	1179	0	0	0	0	0	0	0	0	0	0	0
OTU_189	0	0	0	0	0	0	0	0	0	0	0	0	0	0	0	0	0	0	0	0	3	165	1	5	11	4	191	0	12	10	0	0	0	0	0	0	0	0	0	0
OTU_391	0	0	0	0	0	0	0	0	0	0	2	0	0	0	0	1	0	2	3	0	7	16	42	17	16	7	18	58	15	18	0	0	0	0	0	4	0	1	0	1
OTU_224	0	3	0	0	0	0	0	0	0	0	0	5	0	0	0	0	9	0	0	2	29	2	60	4	47	37	9	91	4	66	0	0	0	0	0	0	10	0	0	6
OTU_866	0	0	0	0	0	0	1	0	0	0	2	4	0	0	0	4	0	9	3	0	0	0	0	1	0	2	0	3	0	2	0	0	0	3	0	9	0	14	5	0
OTU_115	0	0	0	0	0	0	3	9	0	0	9	85	33	248	43	55	0	394	45	33	0	0	0	0	0	0	0	0	0	2	0	0	0	1	0	55	0	482	78	31
OTU_137	0	0	0	8	17	0	0	0	0	0	9	5	0	0	0	0	1	0	2	1	39	119	150	67	91	55	124	174	68	93	0	1	5	0	0	1	0	0	0	2
OTU_139	0	0	0	0	0	0	0	0	1	0	1	23	0	0	0	0	1	476	0	0	0	0	0	19	0	0	0	0	40	0	0	0	0	0	0	0	0	660	0	3
OTU_104	0	0	0	0	6	0	0	0	1	12	0	0	0	1	0	0	0	7	0	0	128	65	208	44	250	85	66	234	65	357	0	0	5	0	1	0	0	6	1	5
OTU_142	0	4	0	1	0	0	2	3	0	3	0	0	0	0	0	0	4	0	0	1	67	48	164	38	118	74	41	191	53	221	0	0	2	5	0	1	2	0	0	1
OTU_264	0	0	0	0	0	0	0	110	39	0	0	0	0	0	0	0	0	0	0	0	0	0	0	0	0	0	1	0	0	0	0	0	0	0	46	0	0	0	0	0
OTU_117	0	1	2	0	0	0	0	0	0	0	0	0	0	0	0	0	0	525	0	11	1	0	6	2	14	1	1	1	1	20	0	0	0	0	0	0	0	623	0	10
OTU_925	0	0	0	0	0	0	0	0	0	0	0	0	0	0	0	0	0	0	0	0	1	3	15	15	8	1	0	5	5	16	0	0	0	0	0	0	0	0	0	0
OTU_153	0	1	0	0	1	0	0	0	0	0	0	5	0	6	24	1	2	223	25	6	15	14	34	26	0	16	5	43	26	13	2	5	5	0	0	3	0	246	43	0
OTU_801	0	0	0	0	22	0	17	0	0	0	3	8	480	1369	14	3	15	14	0	47	2	0	0	10	2	1	0	1	6	4	0	0	28	27	0	5	21	20	0	50
OTU_148	0	1	5	2	1	0	0	13	10	0	0	0	6	1	35	3	0	2	5	14	7	40	185	24	55	17	37	206	36	82	0	0	0	0	11	8	3	9	26	10
OTU_627	0	0	0	0	0	0	0	0	0	0	0	2	0	2	0	0	0	18	0	0	0	0	0	0	0	1	0	0	0	0	0	0	0	0	0	1	0	17	7	2
OTU_116	0	0	1	4	0	1	0	0	13	0	3	1	0	0	0	0	4	2	0	2	162	59	29	69	235	178	62	50	77	298	0	1	1	0	8	0	9	0	7	0
OTU_131	0	1	0	5	3	0	4	10	0	10	472	1	0	0	0	0	8	4	0	1	38	31	133	75	98	25	38	135	64	86	1	13	7	2	4	0	6	1	0	0
OTU_288	0	0	0	0	0	0	0	0	0	1	11	0	0	0	0	2	0	0	0	6	12	30	56	28	34	13	23	76	38	43	0	0	0	0	0	0	0	0	0	5
OTU_220	0	2	0	0	43	0	2	2	0	2	3	21	0	0	0	0	1	4	0	3	7	4	17	14	82	4	11	19	20	99	0	0	101	7	0	0	4	0	0	6
OTU_72	0	0	0	0	1	0	0	0	22	0	0	0	0	0	0	0	0	0	0	2	73	61	902	131	169	61	78	1083	178	207	0	0	0	0	26	0	0	0	0	7
OTU_124	0	0	0	0	0	0	0	0	0	0	35	1051	0	0	0	0	496	0	0	1	1	0	0	0	0	0	0	0	0	0	0	0	0	0	0	2	639	0	0	1
OTU_228	0	0	0	1	0	0	0	0	0	0	0	0	0	0	0	6	1	1	0	1	9	12	51	19	43	8	27	81	23	48	2	2	5	0	0	0	0	1	2	2
OTU_321	0	0	0	0	0	0	0	0	0	0	1	32	0	4	0	0	0	168	4	3	1	2	1	0	1	0	2	3	2	1	0	0	0	0	0	2	0	174	12	3
OTU_257	0	0	0	0	0	0	0	0	0	0	0	0	0	3	17	1	0	0	0	0	0	12	85	0	0	0	13	104	0	0	0	0	0	0	0	0	0	0	0	0
OTU_136	0	0	0	0	1	0	0	0	0	0	0	5	0	5	1	1	0	2	5	0	4	7	391	12	0	5	8	473	11	0	0	0	0	0	0	4	0	2	4	0
OTU_211	0	0	0	0	0	0	0	0	0	0	0	0	0	0	0	0	0	0	0	0	55	5	50	32	59	87	4	49	47	66	0	0	0	0	0	0	0	0	0	0
OTU_589	0	0	0	0	0	0	0	0	0	0	0	1	0	0	0	0	0	1	0	0	24	0	17	5	11	27	1	30	11	0	0	0	0	0	0	0	0	0	0	0
OTU_287	0	0	0	0	0	0	0	0	0	0	0	0	0	0	0	8	0	6	0	3	9	13	6	69	30	14	11	8	54	45	0	0	2	1	0	4	0	2	0	0
OTU_280	0	0	7	0	0	0	0	0	0	0	0	0	0	0	0	1	0	0	0	1	2	13	26	34	3	2	20	49	42	1	0	0	0	0	0	0	0	0	0	0
OTU_205	0	0	0	0	0	0	0	0	0	0	7	492	0	1	0	0	0	95	4	1	0	0	0	0	0	0	0	0	0	0	0	0	0	0	0	0	0	121	0	0
OTU_241	0	0	0	0	0	0	0	1	0	4	3	81	1	0	0	0	0	21	4	0	1	0	0	0	63	0	0	0	1	89	0	0	0	0	0	2	0	27	17	0
OTU_590	0	10	2	6	0	0	3	2	19	0	0	0	0	0	0	0	0	0	4	7	0	0	0	0	0	0	0	0	0	0	0	12	0	3	29	5	0	0	8	6
OTU_295	0	0	0	0	0	1	0	0	0	0	0	0	0	0	315	2	0	0	70	0	0	0	0	0	0	0	0	0	0	0	0	0	0	0	0	0	0	1	185	0
OTU_556	0	0	0	0	0	0	1	0	0	17	2	0	1	1	0	8	0	0	3	0	1	5	2	3	1	1	10	3	2	4	3	0	1	0	0	4	2	0	0	1
OTU_441	0	0	0	0	0	1	0	0	0	1	0	0	0	0	0	0	1	0	0	0	1	1	0	38	0	0	0	0	53	0	0	0	0	0	0	0	0	0	0	0
OTU_604	0	0	0	0	0	0	0	0	0	0	0	0	0	0	0	0	0	0	0	0	2	1	15	0	3	7	0	19	0	8	0	0	0	0	0	0	0	0	0	0
OTU_111	0	0	1	1	1	0	1	0	1	2	603	7	0	1	0	1	6	7	0	3	150	27	123	34	97	150	24	208	51	87	2	0	0	1	1	0	13	5	3	9
OTU_617	0	0	0	1	1	0	2	0	0	0	5	1	1	0	0	0	0	5	0	1	5	17	18	4	1	10	8	14	8	7	0	0	0	1	0	0	0	3	0	0
OTU_144	0	0	0	0	0	0	0	10	0	1	499	0	0	10	0	0	0	0	0	140	1	0	0	4	17	2	0	1	1	30	0	0	0	0	0	4	0	0	0	186
OTU_231	0	0	0	0	0	0	0	0	0	0	0	0	0	0	9	0	0	0	45	0	28	10	126	27	18	28	7	140	33	27	0	0	0	0	0	0	0	0	74	0
OTU_1083	0	0	0	0	0	0	1	0	0	0	0	0	0	0	0	0	0	0	0	0	13	14	89	62	12	4	15	107	68	7	0	0	0	0	0	0	0	2	0	1
OTU_340	0	0	0	0	0	0	0	0	0	0	0	1	0	0	0	0	0	0	0	0	3	28	29	6	35	10	15	55	16	45	0	0	0	0	0	0	0	0	0	0
OTU_575	0	0	0	0	0	0	0	0	0	0	0	0	0	0	0	0	0	0	0	0	4	4	18	5	14	1	1	22	9	27	0	0	0	0	0	0	0	0	0	1
OTU_196	0	0	0	0	0	0	0	0	0	0	0	0	241	206	0	0	0	20	0	0	0	0	0	0	0	0	0	0	0	0	0	0	0	0	0	0	0	25	0	0
OTU_240	0	5	0	17	0	0	2	1	0	0	0	3	0	0	0	0	0	0	0	0	16	5	42	23	52	13	4	75	30	54	0	17	0	4	0	0	0	4	0	0
OTU_427	0	2	0	13	1	0	5	5	0	0	1	2	2	2	4	1	0	9	3	0	3	8	16	14	1	5	14	9	21	2	0	16	2	6	0	6	0	6	2	4
OTU_159	0	0	0	0	9	0	0	0	0	0	0	0	1	0	0	2	0	0	0	0	13	138	189	7	13	7	177	233	8	16	0	0	0	0	0	0	0	0	0	0
OTU_347	0	0	0	0	0	0	0	0	0	0	1	184	0	0	0	0	9	0	0	1	0	0	0	0	0	0	0	0	0	0	0	0	0	0	0	0	1	0	0	1
OTU_332	0	0	0	0	0	0	0	0	0	0	0	1	0	0	1	0	0	0	1	4	1	41	14	11	0	2	52	6	9	5	0	0	0	0	0	0	0	0	5	0
OTU_182	0	0	2	1	0	0	1	2	1	0	0	5	0	0	3	0	0	0	1	10	24	117	11	46	38	37	118	1	53	19	1	0	0	0	5	2	2	0	3	4
OTU_595	0	0	0	0	0	0	0	0	0	0	0	1	0	0	3	0	0	1	0	0	2	3	22	4	6	6	5	62	2	12	0	0	0	0	0	0	0	1	0	0
OTU_375	0	0	0	0	0	0	0	0	0	0	0	0	0	0	0	0	0	0	0	0	7	58	17	2	9	9	68	16	8	12	0	0	0	0	0	0	0	0	0	0
OTU_263	0	0	0	0	0	0	0	0	0	0	3	26	0	0	0	0	0	123	0	0	0	0	0	0	0	0	0	0	0	0	0	0	0	0	0	0	0	172	3	0
OTU_108	0	0	0	3	0	0	0	0	0	0	1	0	1	0	2	6	0	0	7	0	132	380	28	15	59	166	473	33	19	66	0	2	0	3	0	1	0	1	4	1
OTU_317	0	0	0	0	0	0	0	0	0	0	0	0	0	0	0	0	0	1	0	0	0	1	65	0	4	4	1	72	1	4	0	0	0	0	0	0	0	0	0	0
OTU_596	0	0	0	0	0	0	0	0	0	0	0	0	0	0	0	0	0	0	0	0	0	18	2	0	17	0	13	0	0	19	0	0	0	0	0	0	0	0	0	0
OTU_172	0	0	0	0	0	0	0	0	0	0	0	0	0	0	0	0	0	0	0	0	0	473	1	1	1	0	440	0	2	0	0	0	0	0	0	0	0	0	0	0
OTU_188	0	0	0	0	2	0	0	0	0	0	0	0	0	1	150	2	1	0	20	0	1	1	11	2	109	2	3	7	0	156	0	1	3	0	0	0	3	0	24	1
OTU_410	0	0	2	1	0	0	9	16	0	1	0	11	0	0	0	0	4	0	0	2	11	2	0	11	2	11	3	0	9	1	0	1	1	6	1	0	5	0	1	6
OTU_178	0	0	0	0	0	0	0	0	0	0	0	2	0	0	0	0	2	0	0	1	54	164	66	136	127	69	222	88	157	197	0	3	0	0	0	0	0	0	0	2
OTU_158	0	1	1	0	2	5	0	2	0	2	0	1	0	0	0	0	3	0	0	0	116	4	44	51	74	159	4	42	65	90	0	5	0	0	0	0	2	0	0	0
OTU_1006	0	0	0	0	0	0	0	0	0	0	0	0	13	0	2	0	0	0	5	1	0	0	0	0	0	0	0	0	0	0	0	0	0	0	0	0	0	0	42	1
OTU_548	0	0	0	0	1	0	0	0	0	1	9	0	0	0	0	0	5	0	0	1	15	6	5	13	14	8	4	5	11	23	0	0	0	0	0	0	0	0	0	4
OTU_339	0	0	0	0	0	0	0	0	0	0	0	0	0	0	0	0	0	0	0	0	0	0	0	73	0	0	0	0	85	0	0	0	0	0	0	0	0	0	0	0
OTU_208	0	1	0	0	0	0	1	35	8	0	1	2	0	0	0	0	0	11	1	0	53	10	34	46	45	60	17	87	47	57	0	0	0	1	15	0	0	17	0	0
OTU_274	0	5	1	1	0	0	0	0	0	0	0	0	0	0	2	0	0	0	2	0	22	21	12	28	5	31	23	20	33	6	0	0	1	0	3	3	4	0	7	0
OTU_253	0	0	0	0	0	0	0	0	0	0	0	0	0	3	0	22	0	0	0	3	45	3	4	43	0	60	6	15	44	0	0	0	0	0	3	40	0	0	0	1
OTU_186	0	35	3	2	28	6	0	32	60	31	12	0	0	0	0	2	2	0	0	5	40	5	85	16	51	32	2	116	22	59	2	9	26	0	65	1	3	0	0	13
OTU_369	0	0	11	23	3	0	0	0	0	0	0	0	2	2	3	36	0	5	17	4	1	12	2	5	0	0	6	3	8	1	0	21	6	2	0	42	0	5	45	3
OTU_226	0	1	0	0	0	1	0	2	1	0	5	0	0	0	0	0	0	0	0	1	15	8	14	40	75	18	8	20	31	73	0	1	0	0	3	0	2	0	0	0
OTU_259	0	0	0	0	0	0	0	0	0	0	0	0	0	0	0	0	0	0	0	0	4	8	95	0	23	1	4	87	0	22	0	0	0	0	0	0	0	0	0	0
OTU_629	0	0	0	0	0	0	0	0	0	1	4	4	0	0	0	5	0	5	0	7	0	0	0	4	0	1	0	0	3	1	0	1	0	0	0	1	1	7	0	5
OTU_166	0	1	2	0	0	4	2	1	0	3	13	105	0	0	0	7	5	151	3	39	0	0	0	1	3	0	0	0	0	0	7	1	0	1	1	11	9	158	15	44
OTU_170	0	2	1	6	6	2	0	2	0	0	0	0	0	0	0	4	1	3	4	1	122	20	9	48	119	144	10	10	64	114	0	1	6	3	1	11	4	0	0	9
OTU_802	0	0	0	0	0	0	0	0	0	0	0	0	0	0	0	0	0	0	0	0	0	0	11	7	0	0	0	8	4	2	0	0	0	0	0	0	0	0	0	0
OTU_364	0	0	0	0	0	0	0	0	2	0	0	0	0	0	2	0	0	0	0	0	15	8	28	14	50	19	6	40	14	43	0	2	0	0	0	0	0	1	0	0
OTU_510	0	0	0	0	0	0	0	0	0	0	0	0	0	0	0	0	0	0	0	0	0	0	30	0	0	0	0	49	0	0	0	0	0	0	0	0	0	0	0	0
OTU_763	0	0	0	0	0	0	0	0	0	0	1	4	0	1	3	4	0	6	0	8	1	0	0	1	0	0	1	0	0	0	0	0	0	0	0	13	0	14	0	2
OTU_99	0	0	0	1	0	0	0	0	0	0	93	1	0	0	0	0	0	0	0	1	738	1	0	1	1	798	0	0	0	2	0	3	0	0	0	0	0	0	0	0
OTU_864	0	0	0	0	0	0	0	0	0	0	3	0	0	0	0	0	0	0	0	0	7	5	7	1	8	0	2	5	4	9	0	0	0	0	0	0	0	0	0	0
OTU_385	0	5	0	0	0	0	0	15	33	0	0	0	0	0	0	0	0	0	0	0	0	0	0	0	0	0	2	2	0	0	0	0	2	0	57	0	0	0	0	0
OTU_294	0	0	0	0	4	0	0	3	0	37	2	0	0	0	1	9	0	0	8	3	35	9	0	43	0	29	9	7	48	0	0	0	0	0	3	21	0	0	7	1
OTU_523	0	0	0	0	0	0	0	0	0	0	0	0	0	0	0	0	0	0	0	0	2	4	15	3	13	1	7	19	2	6	0	0	0	0	0	0	0	0	0	0
OTU_514	0	0	0	0	0	0	0	0	0	0	0	0	0	0	0	0	0	0	0	0	0	0	0	74	0	0	0	0	84	0	0	0	0	0	0	0	0	0	0	0
OTU_302	0	0	0	0	0	0	0	0	0	0	0	0	0	0	0	0	0	56	0	12	23	33	0	0	0	38	32	0	0	0	0	0	0	0	0	0	0	60	0	16
OTU_872	0	0	0	0	0	0	0	0	0	0	0	0	0	0	0	0	0	0	0	0	17	2	11	0	0	19	3	26	1	0	0	0	0	0	0	0	0	0	0	0
OTU_1019	0	0	0	0	0	0	0	0	0	0	0	0	0	0	0	0	0	0	0	0	0	2	5	2	1	0	0	10	3	0	0	0	0	0	0	0	0	0	0	0
OTU_644	0	0	0	0	0	0	0	0	0	0	0	0	0	0	0	0	0	0	0	0	35	0	0	0	0	40	0	0	0	0	0	0	0	0	0	0	0	0	0	0
OTU_303	0	0	2	0	0	0	0	0	0	0	0	0	0	1	0	0	0	1	18	1	16	22	13	8	0	21	28	21	12	1	0	0	0	0	0	0	0	0	7	3
OTU_370	0	0	0	0	0	0	0	0	0	2	2	39	0	1	7	2	0	8	66	5	1	0	1	0	0	0	0	0	0	0	0	0	0	0	0	15	0	14	165	3
OTU_483	0	1	7	5	0	1	6	0	0	0	0	0	0	0	0	0	0	0	0	0	20	0	2	0	0	16	0	2	0	0	0	6	0	9	0	0	0	0	0	0
OTU_242	0	0	0	0	0	0	0	0	0	0	4	338	0	0	0	0	0	8	0	0	1	0	0	56	94	2	0	0	68	122	0	0	0	0	0	0	0	4	0	0
OTU_1133	0	0	0	0	0	0	0	0	0	0	0	0	0	0	0	0	0	0	0	0	1	3	0	0	6	2	0	0	1	3	0	0	0	0	2	0	0	0	0	0
OTU_371	0	0	0	0	0	0	0	0	0	0	0	0	0	0	0	0	0	0	0	0	77	0	0	0	1	78	0	0	0	2	0	0	0	0	0	0	0	0	0	0
OTU_856	0	0	0	0	0	0	0	0	0	0	0	0	0	0	0	0	0	0	0	0	0	0	4	15	1	0	0	0	14	2	0	0	0	0	0	0	0	0	0	0
OTU_1180	0	0	1	0	0	0	0	0	0	0	0	0	4	0	0	2	0	1	11	0	1	0	0	1	0	0	0	2	2	0	0	0	0	0	0	8	0	2	25	0
OTU_392	0	0	0	0	0	0	0	0	5	0	0	1	0	0	3	1	0	1	5	11	14	0	3	69	0	12	7	3	66	0	0	0	0	0	2	1	5	0	5	13
OTU_353	0	0	0	0	0	0	0	0	0	0	0	0	0	0	0	0	0	0	0	0	1	0	0	77	0	3	0	0	69	0	0	0	0	0	0	0	0	0	0	0
OTU_222	0	0	0	0	0	0	1	0	21	74	0	1	0	2	313	74	0	1	58	56	0	115	0	0	0	1	179	2	0	0	0	0	0	0	29	104	0	3	190	89
OTU_121	0	13	3	2	3	31	0	13	2	69	458	3	0	0	10	0	3	0	0	19	16	40	53	81	21	18	51	55	97	20	0	7	8	1	5	0	0	0	0	22
OTU_487	0	0	0	0	0	0	0	0	0	0	0	0	0	0	0	0	0	0	0	0	5	27	3	0	2	20	27	2	0	3	0	0	0	0	0	0	0	0	0	0
OTU_127	0	0	0	2	0	0	1	0	0	26	0	4	206	2	0	92	0	0	2	312	0	0	0	0	0	0	1	0	0	0	0	2	0	0	0	131	0	0	0	349
OTU_411	0	0	0	0	0	0	0	0	0	0	0	3	0	0	0	0	0	0	0	53	0	0	0	0	0	0	0	0	0	0	0	0	2	0	0	0	0	0	0	72
OTU_633	0	0	0	0	0	0	0	0	0	0	0	0	0	0	0	0	0	0	0	0	2	2	13	3	16	5	2	14	5	23	0	0	0	0	0	0	0	0	0	0
OTU_260	0	0	0	2	0	0	0	1	0	0	0	0	0	0	0	0	1	0	0	2	42	4	17	17	24	41	12	17	22	31	2	1	0	0	1	0	0	0	0	1
OTU_252	0	0	0	0	0	0	0	0	0	1	0	2	0	0	0	0	0	98	0	0	2	8	0	0	0	3	3	0	0	0	0	0	0	0	0	2	0	108	1	0
OTU_898	0	0	0	0	0	0	0	0	0	0	0	0	0	0	0	1	0	1	0	0	3	3	6	4	5	3	7	12	3	2	0	0	0	0	0	0	0	1	0	0
OTU_299	0	0	0	0	0	0	0	0	0	0	0	0	0	0	0	0	0	0	0	0	7	4	30	13	45	8	16	33	10	27	0	0	0	0	0	0	0	0	0	0
OTU_405	0	0	0	0	0	0	0	0	0	0	0	0	0	0	0	0	0	0	0	0	0	0	0	1	87	0	0	0	0	145	0	0	0	0	0	0	0	0	0	0
OTU_239	0	0	0	0	0	0	0	0	0	0	2	0	0	0	0	0	0	0	0	0	35	4	20	2	70	40	0	49	6	74	0	0	0	0	0	0	2	0	0	1
OTU_342	0	1	0	1	4	0	0	2	2	1	1	2	3	26	8	22	0	2	42	9	9	1	13	3	3	8	1	19	11	11	0	0	0	0	4	49	1	3	30	31
OTU_488	0	0	0	0	0	0	0	0	0	0	0	0	0	0	0	0	0	0	0	0	0	0	39	0	0	0	0	37	0	0	0	0	0	0	0	0	0	0	0	0
OTU_221	0	0	0	0	0	0	0	1	0	0	0	0	0	0	0	0	0	1	0	1	2	21	23	132	23	2	15	14	158	18	0	0	0	0	0	0	0	0	0	3
OTU_232	0	0	2	0	0	1	0	9	16	0	2	4	0	5	2	80	2	9	22	6	9	46	25	3	5	17	57	26	9	5	0	0	5	1	37	177	0	15	41	17
OTU_202	0	0	0	0	2	0	0	0	2	240	0	19	0	15	0	21	8	0	0	19	17	13	2	6	0	17	15	7	11	0	0	0	3	0	0	28	2	1	0	21
OTU_863	0	5	0	0	1	0	2	1	9	0	0	0	0	0	0	2	0	6	0	0	3	9	2	9	11	11	15	3	9	16	3	2	3	0	9	4	0	4	0	13
OTU_722	0	0	0	0	0	0	0	0	0	0	1	2	0	0	26	0	0	2	5	0	0	2	2	0	0	2	1	0	0	0	0	0	0	0	0	0	0	1	7	0
OTU_150	0	0	2	0	0	0	0	0	1	7	4	0	0	0	0	1	0	0	0	0	105	8	15	135	109	134	8	21	120	104	0	0	0	0	2	3	0	1	0	1
OTU_198	0	0	0	0	0	0	0	0	0	0	0	0	2	1	64	24	0	0	339	12	1	6	0	2	0	1	13	0	4	0	0	0	0	0	0	65	0	0	599	8
OTU_394	0	0	0	0	0	0	2	2	0	0	1	0	0	0	0	0	10	0	0	16	0	22	1	2	3	0	32	5	2	3	0	0	0	1	0	0	17	0	0	7
OTU_624	0	0	0	0	0	0	0	0	0	0	55	0	0	0	0	0	0	0	0	0	0	4	0	0	0	0	5	0	0	0	0	0	0	0	0	0	0	0	0	0
OTU_156	0	0	0	0	0	0	0	0	0	0	7	6	0	0	0	2	0	7	0	0	288	13	16	32	32	347	23	19	28	76	0	0	0	0	0	2	0	13	2	2
OTU_890	0	0	0	0	0	0	0	2	0	0	0	0	0	32	0	0	0	0	6	0	0	0	0	0	0	0	0	0	0	0	0	0	0	0	0	0	0	0	5	0
OTU_628	0	0	0	0	0	0	0	0	0	0	0	0	0	0	0	0	0	0	0	0	11	0	0	18	0	14	0	0	17	0	0	0	0	0	0	0	0	0	0	1
OTU_149	0	1	0	18	1	0	1	3	20	149	0	0	0	0	0	78	0	0	2	320	1	0	2	1	0	1	0	7	1	0	0	27	0	1	26	121	0	0	0	362
OTU_175	0	0	0	2	0	0	0	0	0	0	8	0	0	0	1	3	0	0	0	1	11	225	71	7	12	8	261	85	5	11	0	0	0	0	4	2	2	2	0	2
OTU_892	0	0	0	0	0	0	0	0	0	0	0	0	0	0	0	0	0	2	0	0	7	0	0	2	0	7	1	0	1	4	0	1	0	0	0	0	1	0	0	0
OTU_527	0	0	0	0	0	0	0	0	0	0	0	1	0	0	0	0	0	1	0	0	1	1	28	1	2	5	2	53	0	2	0	0	0	0	0	0	0	0	0	0
OTU_112	0	0	0	0	0	0	0	0	0	0	1	0	0	0	0	0	0	0	0	0	460	15	63	12	54	571	14	56	12	77	0	0	0	0	0	0	0	0	0	2
OTU_520	0	0	0	0	0	0	0	0	0	0	0	0	0	0	0	0	0	0	0	0	1	0	12	6	20	1	7	15	8	11	0	0	0	0	0	0	0	0	0	0
OTU_478	0	0	0	0	3	5	0	0	0	0	0	0	0	0	0	0	0	0	0	0	7	5	15	15	8	5	8	29	12	17	8	0	1	0	0	0	0	0	0	0
OTU_214	0	5	8	3	3	0	0	2	7	0	13	1	0	0	3	6	1	0	0	2	10	40	20	77	5	8	32	12	87	11	0	3	4	0	5	13	1	0	0	2
OTU_174	0	0	0	0	0	0	0	0	0	0	0	3	1	26	2	0	4	11	0	6	4	39	5	306	2	7	27	9	326	1	0	0	0	0	0	0	9	10	0	8
OTU_958	0	0	0	0	0	0	0	0	0	0	0	0	2	0	0	0	0	0	9	1	0	2	0	0	0	0	0	3	0	0	0	0	0	0	0	2	0	0	14	1
OTU_584	0	0	0	0	0	0	0	0	0	0	0	0	0	0	0	0	0	0	4	5	4	1	5	4	10	3	2	4	4	7	0	0	0	0	0	0	0	1	0	3
OTU_658	0	0	0	0	0	0	0	0	0	0	0	0	0	0	0	0	0	0	0	0	1	9	8	20	6	4	5	3	14	11	0	0	0	0	0	0	0	0	0	0
OTU_291	0	0	0	0	0	0	0	0	0	0	0	0	0	0	0	7	0	0	1	75	0	0	0	0	0	0	0	0	0	0	0	0	0	0	0	2	0	0	1	110
OTU_363	0	1	0	0	0	0	0	4	0	0	33	21	0	0	0	0	92	0	1	39	13	1	4	6	11	16	1	0	6	13	0	0	0	1	0	0	96	0	0	54
OTU_472	0	0	0	0	0	0	0	0	0	0	0	0	0	0	0	0	0	0	0	0	6	3	15	9	18	10	3	20	7	18	0	0	0	0	0	0	0	0	0	0
OTU_361	0	0	0	0	0	0	0	0	0	0	0	0	0	0	0	0	0	0	0	0	8	0	21	8	31	8	1	15	14	54	0	0	0	0	0	0	0	0	0	0
OTU_768	0	0	0	0	0	0	0	0	0	0	0	8	0	0	0	0	27	0	0	0	4	0	0	0	0	1	1	0	0	0	0	0	0	0	0	0	26	0	0	0
OTU_696	0	0	0	0	0	0	0	0	0	0	0	0	0	0	0	0	0	1	0	0	0	2	1	4	17	0	2	5	5	13	0	0	0	0	0	0	0	2	0	0
OTU_435	0	0	0	0	0	0	0	0	0	0	0	5	0	0	0	0	0	0	0	5	30	18	50	16	14	48	23	40	22	14	0	1	0	0	0	0	0	0	0	0
OTU_582	0	0	0	0	0	0	0	0	5	0	3	1	0	0	4	0	1	0	1	2	10	0	0	48	0	10	0	1	65	2	0	0	0	0	3	3	1	0	0	3
OTU_452	0	0	0	0	0	0	0	2	1	1	5	12	0	0	0	0	18	0	0	3	0	10	0	0	0	0	12	0	0	0	0	0	0	0	0	0	20	0	0	1
OTU_496	0	0	0	0	0	0	2	0	0	0	3	9	0	0	0	0	29	0	0	5	0	0	0	17	0	0	0	1	12	0	0	0	0	1	0	0	46	0	0	0
OTU_244	0	2	0	0	0	0	0	0	0	0	0	2	0	0	59	1	0	0	140	3	2	1	0	0	0	0	1	0	0	0	0	0	0	0	0	0	2	2	264	5
OTU_844	0	0	0	0	0	0	0	0	0	0	0	1	0	0	0	0	1	0	0	6	5	2	0	10	4	2	5	1	9	12	0	0	0	1	0	0	2	0	0	7
OTU_1012	0	0	0	0	9	0	0	0	0	0	0	0	0	0	0	1	0	0	0	0	2	2	1	2	1	0	2	0	0	0	0	0	13	0	0	5	0	0	0	0
OTU_786	0	0	0	0	0	0	0	0	0	0	0	0	0	0	3	0	0	0	3	9	7	0	0	0	0	3	0	0	0	0	0	0	0	0	0	0	0	0	18	14
OTU_203	0	0	0	0	0	0	0	0	0	0	0	0	0	0	34	0	0	1	148	0	0	0	66	0	0	0	0	74	0	0	0	0	0	0	0	0	0	0	285	0
OTU_326	0	0	0	0	0	0	0	0	0	0	1	0	0	0	0	0	0	0	0	3	8	2	18	28	6	16	3	27	24	9	0	0	0	0	0	0	0	0	0	0
OTU_609	0	0	0	0	0	0	0	0	0	0	0	1	0	3	0	11	0	2	7	5	0	0	0	0	0	1	0	0	0	2	0	0	0	0	0	11	0	10	15	1
OTU_508	0	0	0	0	0	0	0	0	0	0	0	0	0	0	0	0	0	0	0	8	0	18	0	0	2	0	22	0	0	4	0	0	0	0	0	0	0	0	0	16
OTU_348	0	0	0	0	5	0	0	1	0	1	0	0	0	1	9	17	0	1	4	1	3	4	18	5	2	3	2	23	6	5	0	0	7	0	0	57	0	3	8	1
OTU_871	0	0	0	0	0	0	0	1	0	0	0	0	0	0	0	0	0	0	0	0	20	0	2	1	8	27	1	6	5	4	0	0	1	0	0	0	0	0	0	0
OTU_140	0	0	0	0	0	0	0	4	0	0	1	0	0	0	0	0	0	0	0	2	135	22	48	82	96	165	36	80	99	168	0	2	0	1	0	2	4	0	0	1
OTU_209	0	0	0	0	1	0	1	0	0	0	2	0	0	0	6	1	0	13	14	2	7	33	36	31	59	6	24	43	39	68	0	1	1	0	0	1	0	9	13	0
OTU_168	0	0	0	1	0	0	0	1	1	0	6	3	0	0	0	0	1	0	1	29	72	34	63	58	106	57	33	60	51	126	13	1	0	0	0	0	4	0	0	21
OTU_176	0	0	0	0	2	0	0	0	0	0	0	0	0	0	0	0	0	0	0	0	254	1	0	0	0	240	2	0	0	0	0	0	1	0	0	0	0	0	0	0
OTU_945	0	0	0	0	0	0	0	0	0	0	0	0	0	2	0	0	0	0	0	0	2	1	5	7	2	4	2	5	3	3	0	0	0	0	0	0	0	0	0	0
OTU_237	0	4	12	3	0	0	0	0	0	0	0	1	0	0	0	0	0	0	3	2	12	6	67	15	63	20	15	95	15	92	0	0	1	1	1	0	0	0	0	0
OTU_1088	0	0	0	0	0	0	0	0	0	0	0	0	0	0	0	0	0	2	0	0	1	0	0	3	1	0	0	0	7	6	0	0	0	0	0	0	0	1	0	0
OTU_747	0	0	0	0	0	0	0	0	0	0	2	0	0	0	0	0	0	0	0	1	0	16	2	0	2	2	18	5	2	0	0	0	0	0	0	0	4	0	0	5
OTU_265	0	0	0	0	0	0	0	0	0	0	0	0	0	0	0	0	0	0	0	0	0	0	0	0	149	0	0	0	0	185	0	0	0	0	0	0	0	0	0	0
OTU_223	0	0	0	1	0	0	0	0	0	0	1	0	0	0	0	0	12	0	0	0	42	9	6	42	89	42	6	5	50	96	0	0	0	0	0	0	6	0	0	0
OTU_184	0	0	0	0	0	0	0	0	0	0	0	0	0	0	0	0	0	0	0	0	3	4	0	192	0	0	2	3	221	2	0	0	0	0	0	0	0	0	0	0
OTU_640	0	0	0	0	0	0	0	0	0	0	0	0	0	0	0	0	0	0	0	0	4	5	14	4	5	3	2	12	4	10	0	0	0	0	0	0	0	0	0	0
OTU_955	0	0	1	0	0	0	1	0	3	0	2	0	0	0	0	0	0	0	0	0	0	3	0	0	2	1	1	0	0	3	0	0	0	0	6	0	0	0	0	0
OTU_151	0	0	0	0	0	0	0	0	0	0	0	0	0	0	1	168	0	0	4	220	0	0	0	0	0	0	0	0	0	0	0	0	0	0	0	279	0	0	13	219
OTU_599	0	0	0	0	0	0	0	0	0	0	0	0	0	0	0	0	0	0	0	0	3	0	0	20	0	4	0	0	27	0	0	0	0	0	0	0	0	0	0	0
OTU_165	0	0	0	0	0	0	0	0	0	0	0	0	0	0	0	0	2	0	0	0	3	11	18	223	3	3	16	33	257	3	0	0	0	0	0	0	3	0	0	0
OTU_254	0	288	7	1	0	6	0	0	2	71	0	0	0	0	0	0	0	0	0	0	0	0	0	0	0	0	0	0	0	0	7	0	0	0	1	0	0	0	0	0
OTU_157	0	0	0	5	2	0	1	17	4	0	3	0	0	0	5	9	0	0	7	3	17	55	3	208	17	19	73	2	208	13	0	4	10	0	4	6	0	0	3	11
OTU_623	0	0	0	0	0	0	0	0	0	0	0	1	0	0	0	0	0	0	0	0	6	4	37	8	9	10	5	48	11	5	0	0	0	0	0	0	0	0	0	0
OTU_516	0	0	0	0	0	0	0	0	0	0	0	0	0	0	0	0	0	0	0	0	2	3	14	7	10	5	5	21	8	9	0	0	0	0	0	0	0	0	0	1
OTU_412	0	0	0	0	0	0	0	0	0	0	0	0	0	0	0	0	0	0	0	1	0	0	6	0	53	0	0	1	0	57	0	0	0	0	0	0	0	0	0	0
OTU_187	0	0	0	0	1	0	0	0	0	0	0	0	0	0	0	0	0	0	0	0	64	28	41	44	20	106	25	36	47	11	0	0	0	0	0	0	0	0	0	3
OTU_528	0	0	0	0	0	0	0	0	0	0	0	0	0	0	0	0	0	0	0	0	2	0	26	8	11	0	1	18	21	10	0	0	0	0	0	0	0	0	0	0
OTU_1045	0	0	0	0	0	0	0	0	0	0	0	0	0	0	0	0	0	0	0	0	4	0	3	0	5	3	0	1	1	1	0	0	0	0	0	0	0	0	0	0
OTU_199	0	0	0	0	0	0	0	0	0	0	0	0	0	0	0	0	0	0	0	0	0	4	11	138	46	0	7	6	160	51	0	0	0	0	0	0	0	0	0	0
OTU_734	0	0	2	0	0	0	0	0	0	0	0	0	0	0	0	0	0	0	7	0	0	2	0	0	2	0	4	2	4	2	0	1	0	0	0	0	0	0	15	0
OTU_858	0	0	0	0	0	0	0	0	0	0	0	0	0	0	0	0	0	0	0	0	0	0	0	1	6	0	0	3	1	29	0	0	0	0	0	0	0	0	0	0
OTU_229	0	0	0	0	0	0	0	0	0	0	0	0	0	0	0	0	0	0	0	0	0	0	134	3	0	0	1	181	5	0	0	0	0	0	0	0	0	0	0	0
OTU_465	0	0	0	0	0	0	0	0	0	0	0	0	0	0	0	0	0	0	0	0	19	13	23	13	14	11	10	39	13	28	0	0	0	0	0	0	2	0	0	0
OTU_477	0	0	0	0	0	0	0	0	0	0	2	0	0	0	0	0	0	5	0	0	27	0	0	4	0	27	0	2	3	10	0	1	0	0	0	1	0	10	0	0
OTU_448	0	0	0	0	0	0	0	0	0	0	0	2	0	0	0	0	0	17	0	0	9	0	8	3	3	5	1	9	2	2	0	0	0	0	0	0	0	18	0	0
OTU_289	0	0	0	0	0	0	0	0	0	0	0	0	0	0	0	0	0	0	0	0	2	34	2	57	1	2	30	5	69	2	0	0	0	0	0	0	0	0	0	0
OTU_773	0	0	0	0	0	0	0	0	0	0	0	0	0	0	0	0	0	0	0	0	3	13	0	0	2	3	14	1	0	1	0	0	0	0	0	0	0	0	0	0
OTU_135	0	1	0	0	0	0	0	21	0	1	2	7	0	0	6	0	1	4	3	1	195	29	88	20	58	174	31	115	29	49	1	0	0	0	0	0	1	3	0	0
OTU_576	0	0	0	0	0	0	0	0	0	0	0	0	0	0	0	0	0	0	0	0	1	3	9	5	6	0	1	23	8	8	0	0	0	0	0	0	0	0	0	0
OTU_799	0	0	0	0	0	0	0	0	0	0	2	0	1	0	0	0	0	1	0	0	3	0	5	5	0	2	7	0	4	0	0	0	0	0	0	0	0	0	0	0
OTU_258	0	0	0	0	0	0	0	0	0	0	49	217	0	0	0	0	2	0	0	13	0	0	0	0	0	0	0	0	0	0	0	0	0	0	0	0	1	0	0	24
OTU_541	0	0	0	6	4	0	0	0	2	0	4	0	0	0	0	0	2	0	0	2	16	32	2	0	0	17	26	2	2	0	0	8	0	1	0	0	2	0	0	3
OTU_818	0	0	0	0	0	0	0	0	0	0	0	0	0	0	0	0	1	0	0	0	1	0	1	0	4	1	0	8	6	7	0	0	0	0	0	0	0	0	0	0
OTU_754	0	0	0	0	0	0	0	0	0	0	0	0	0	0	0	0	0	0	0	0	18	0	0	1	4	11	0	0	0	3	0	0	0	0	0	0	0	0	0	0
OTU_445	0	0	0	0	0	0	0	0	0	0	0	0	0	0	0	0	0	1	0	0	5	4	11	40	10	8	2	13	43	4	0	0	0	0	0	0	0	2	0	1
OTU_733	0	0	0	0	0	0	0	0	0	0	0	0	0	0	0	1	0	0	2	1	0	0	1	11	3	0	0	1	14	0	0	0	0	0	0	6	0	0	9	0
OTU_247	0	0	0	0	0	1	0	0	14	0	0	0	0	0	0	0	0	0	0	0	14	67	2	8	30	19	96	9	3	41	0	0	0	0	18	0	0	0	0	0
OTU_714	0	0	0	0	0	0	0	0	0	0	0	0	0	0	0	0	0	0	0	0	0	1	21	0	0	0	0	15	0	4	0	0	0	0	0	0	0	0	0	0
OTU_328	0	4	1	1	0	0	2	1	0	1	35	14	0	0	0	2	4	18	1	6	4	0	16	11	23	6	0	39	19	34	6	0	0	3	0	1	18	29	0	4
OTU_416	0	0	0	0	0	0	0	0	1	0	0	0	0	0	0	0	0	0	0	7	13	16	26	8	20	13	14	16	18	13	0	1	0	0	0	0	0	0	0	7
OTU_879	0	0	0	0	0	0	0	0	0	0	0	1	0	0	5	0	0	0	0	0	0	0	13	1	0	0	1	6	0	6	0	0	0	0	0	0	0	0	0	0
OTU_566	0	0	0	0	0	0	0	1	0	0	0	0	0	0	0	0	0	0	0	0	3	2	10	6	11	10	6	22	7	16	0	0	0	0	0	0	0	0	0	0
OTU_521	0	0	0	0	0	0	0	0	0	0	0	2	0	0	0	0	0	0	0	0	11	14	13	23	7	9	8	19	24	25	0	0	0	0	0	0	0	0	0	1
OTU_636	0	0	0	0	0	0	0	0	0	0	0	1	0	0	0	0	0	0	0	0	23	0	5	0	18	26	2	1	0	13	0	0	0	0	0	0	0	0	0	0
OTU_428	0	0	0	0	0	0	0	0	0	0	0	1	0	2	2	16	0	35	6	12	2	3	4	1	15	5	4	3	1	8	0	0	0	0	0	14	0	48	6	12
OTU_522	0	0	0	0	0	0	0	0	0	0	0	0	0	0	0	0	0	0	0	0	0	0	27	0	0	0	0	42	0	0	0	0	0	0	0	0	0	1	0	0
OTU_631	0	0	0	0	0	0	0	0	1	0	0	0	0	0	0	0	0	0	0	1	4	6	8	7	12	2	3	13	4	10	0	0	0	0	1	6	0	0	0	0
OTU_307	0	0	11	0	0	0	0	0	0	0	0	0	0	8	0	0	0	0	105	1	0	0	0	0	0	0	0	0	0	0	0	0	0	0	0	4	0	0	278	0
OTU_279	0	0	1	0	0	0	0	0	0	2	0	0	0	0	0	0	0	0	0	1	39	0	21	9	17	48	0	36	5	27	0	0	0	0	0	1	0	0	0	1
OTU_1023	0	0	3	0	0	0	0	0	0	1	0	0	0	0	0	0	0	0	0	0	0	7	0	0	0	0	11	0	0	0	0	0	2	0	0	0	0	0	0	0
OTU_798	0	0	0	0	0	0	0	0	0	0	0	0	0	0	0	0	0	0	0	0	0	0	0	0	8	0	0	1	0	20	0	0	0	0	0	0	0	0	0	0
OTU_398	0	1	0	0	0	0	0	0	0	0	0	11	0	0	0	0	0	0	0	0	58	0	0	1	1	64	0	0	0	0	0	0	0	0	0	0	0	0	0	0
OTU_639	0	0	0	0	1	0	0	0	6	2	0	0	0	0	0	0	0	0	0	0	27	0	7	0	0	37	0	3	0	0	0	0	3	0	5	0	0	0	0	0
OTU_869	0	0	0	0	0	0	0	0	0	0	0	0	0	0	0	0	0	0	0	0	0	4	4	3	15	2	0	11	4	21	0	0	0	0	0	0	0	0	0	0
OTU_316	0	0	0	1	0	0	0	0	0	0	0	0	0	0	18	13	0	1	0	1	12	1	7	3	22	9	6	10	16	36	0	0	0	0	0	42	0	2	2	2
OTU_463	0	0	0	0	0	30	12	0	0	5	0	0	0	0	0	0	0	0	0	0	0	0	0	0	0	0	0	0	0	0	0	0	0	15	0	0	0	0	0	2
OTU_1157	0	0	0	0	0	0	0	0	0	0	0	0	4	0	0	0	0	1	0	0	0	2	6	0	0	1	3	14	0	0	0	0	0	0	0	0	0	0	0	1
OTU_695	0	0	0	0	0	0	0	0	0	0	0	7	0	0	0	0	1	6	1	0	0	0	1	0	8	0	0	13	2	8	0	0	0	0	0	0	0	12	4	0
OTU_1085	0	0	0	0	0	0	0	0	0	0	0	0	0	0	0	0	0	0	0	1	0	1	0	0	13	0	0	0	0	8	0	0	0	0	0	0	0	1	0	0
OTU_868	0	0	0	0	0	0	0	0	0	0	0	1	0	0	0	2	0	0	0	0	11	2	14	9	22	7	7	22	13	14	0	0	0	0	1	0	0	0	0	0
OTU_290	0	0	0	0	0	0	1	0	0	3	0	0	0	0	0	0	1	0	0	4	30	0	0	1	29	44	0	0	13	34	0	0	0	3	0	0	4	0	0	3
OTU_926	0	0	0	0	0	0	0	0	0	0	0	0	0	0	0	0	0	0	0	0	4	1	0	0	10	4	3	0	0	17	0	0	0	0	0	0	1	0	0	0
OTU_475	0	0	0	0	0	0	0	0	0	0	0	0	0	1	0	0	0	0	0	1	0	6	2	0	41	0	8	0	0	42	0	0	0	2	0	0	0	0	0	0
OTU_421	0	0	0	1	7	0	6	12	0	3	0	0	0	0	8	0	0	0	7	1	17	10	4	0	3	18	10	9	0	1	0	3	1	8	0	0	0	0	5	0
OTU_525	0	0	0	0	0	0	1	1	0	0	0	1	0	0	0	1	0	0	0	2	2	1	2	17	5	6	3	6	18	1	0	0	0	0	0	3	0	0	0	1
OTU_994	0	0	0	0	2	0	0	0	0	0	0	0	0	0	0	2	0	0	0	4	2	1	0	0	6	0	0	0	0	5	0	0	7	0	0	0	0	0	0	0
OTU_243	0	0	0	1	0	0	0	0	1	4	0	0	0	0	0	2	0	0	0	2	13	10	22	43	35	18	20	41	55	46	0	2	0	0	0	0	0	0	0	2
OTU_399	0	0	0	0	0	0	0	0	0	0	1	105	0	0	0	2	0	8	3	6	0	0	0	0	0	0	0	0	0	1	0	0	0	0	0	10	0	3	0	6
OTU_531	0	2	0	0	22	1	1	14	0	2	10	0	0	3	1	0	1	0	0	2	1	1	1	0	0	1	0	1	0	0	1	0	18	1	1	2	5	0	1	1
OTU_553	0	1	0	0	0	0	0	0	0	0	0	0	0	0	0	0	0	0	0	0	0	5	11	0	3	0	20	8	3	7	0	0	0	1	0	2	0	0	0	0
OTU_570	0	0	0	0	0	0	0	0	0	0	0	1	0	0	0	0	0	0	0	1	27	0	21	6	22	28	3	19	11	29	0	1	0	0	0	0	0	0	0	1
OTU_388	0	0	0	0	0	0	0	0	0	136	5	1	0	0	0	0	0	0	0	3	0	0	0	0	0	0	0	0	0	0	0	0	0	0	0	0	0	0	0	7
OTU_777	0	0	0	1	0	0	0	0	0	0	0	0	0	0	0	0	0	0	0	0	5	1	2	4	6	4	0	4	6	7	0	1	0	0	0	0	0	0	0	0
OTU_697	0	0	0	0	0	0	0	0	0	0	0	0	0	0	0	0	0	0	0	0	5	0	11	4	8	1	0	13	1	4	0	0	0	0	0	0	0	0	0	0
OTU_968	0	0	0	0	0	0	0	0	0	0	1	0	0	0	0	0	0	0	0	2	8	4	8	6	9	5	5	7	8	13	0	0	0	0	1	1	0	1	0	2
OTU_273	0	0	0	0	0	0	0	0	0	0	0	5	3	5	5	7	0	2	3	2	8	3	25	25	55	14	11	47	17	51	0	0	0	1	0	8	0	7	7	3
OTU_1103	0	0	0	0	0	0	0	0	0	0	0	0	0	0	0	0	0	0	1	3	1	2	2	6	0	0	3	4	6	0	0	0	0	0	0	0	0	1	4	0
OTU_1130	0	0	0	0	0	0	0	0	0	0	0	0	0	0	0	0	0	0	0	0	1	1	1	0	5	1	0	2	1	9	0	0	0	0	0	0	0	0	0	0
OTU_666	0	0	0	0	0	0	0	0	0	0	0	0	0	0	0	0	0	1	0	0	5	4	3	1	1	4	7	4	3	0	0	2	0	0	2	0	0	1	0	0
OTU_546	0	0	0	0	0	0	0	0	0	0	0	3	0	2	0	0	1	13	2	0	1	3	27	6	2	1	1	16	14	7	3	0	0	1	0	7	0	5	0	2
OTU_530	0	0	0	0	0	0	0	0	0	0	0	0	0	0	0	0	0	2	0	0	15	1	7	5	2	15	0	10	5	4	0	0	0	0	0	0	0	0	0	1
OTU_597	0	0	0	0	0	0	0	0	0	0	0	0	0	0	0	0	1	0	0	0	4	3	5	2	28	4	2	5	6	44	0	0	0	0	0	0	4	0	0	0
OTU_402	0	0	0	0	0	0	0	0	0	0	0	0	0	0	0	0	0	0	0	0	2	0	74	18	3	6	1	66	15	4	0	0	0	0	0	0	2	0	0	0
OTU_230	0	0	0	0	0	0	0	0	0	0	5	336	0	0	0	0	0	132	0	0	0	0	0	0	0	0	0	0	0	0	0	0	0	0	0	0	0	166	0	0
OTU_314	0	0	2	0	5	0	0	0	0	0	4	0	0	0	0	8	0	0	0	0	1	1	19	2	53	0	3	22	0	46	0	0	2	0	0	17	0	0	0	0
OTU_439	0	0	0	0	0	0	0	0	0	0	0	0	0	0	0	0	0	0	0	0	0	0	43	0	0	0	0	60	0	0	0	0	0	0	0	0	0	0	0	0
OTU_310	0	0	0	0	0	0	0	0	0	0	0	0	0	0	0	0	0	0	0	0	14	9	11	36	15	7	3	29	62	15	0	0	0	0	0	0	0	0	0	0
OTU_591	0	2	0	0	0	0	0	0	0	0	14	0	0	0	0	0	4	0	0	8	2	0	0	0	7	4	0	0	0	17	0	0	0	0	0	0	6	0	0	5
OTU_1108	0	0	0	0	0	0	0	0	4	0	0	0	0	0	0	0	0	0	0	0	0	0	0	0	0	0	0	0	0	0	0	0	0	0	13	0	0	0	0	0
OTU_395	0	0	0	1	0	0	0	0	0	0	0	0	0	0	0	0	0	1	0	1	12	18	18	21	15	12	20	23	26	11	0	1	0	0	0	0	0	0	0	0
OTU_497	0	0	1	0	0	0	0	0	1	2	0	5	0	0	0	0	0	0	0	0	50	4	3	4	2	53	2	1	5	12	0	0	0	1	0	0	2	0	0	0
OTU_701	0	0	0	0	0	0	0	0	0	0	0	4	5	5	3	0	0	0	4	8	2	0	0	16	0	0	2	2	9	3	0	0	0	0	0	0	0	0	3	14
OTU_554	0	0	0	0	0	0	0	0	0	0	0	0	0	0	0	0	0	0	0	3	2	1	13	9	20	0	4	17	15	21	0	0	0	0	0	0	0	0	0	0
OTU_718	0	0	0	1	0	0	0	0	0	0	1	1	0	0	0	0	0	0	0	0	24	0	1	0	0	27	0	0	0	3	0	0	1	2	0	0	5	0	0	0
OTU_723	0	0	0	0	0	0	0	0	0	0	0	0	0	0	0	0	0	0	0	0	2	0	5	6	10	2	0	4	4	22	0	0	0	0	0	0	0	0	0	0
OTU_612	0	0	0	1	1	0	1	2	0	0	2	1	0	0	0	0	0	2	0	0	1	0	30	18	8	1	0	36	9	9	5	8	0	0	0	0	1	0	0	0
OTU_647	0	0	0	0	0	0	0	0	0	0	0	0	0	0	0	0	0	0	0	0	1	0	16	2	7	0	0	18	0	6	0	0	0	0	0	0	0	0	0	0
OTU_285	0	0	0	0	0	0	0	0	0	0	0	4	3	1	0	0	0	30	112	6	0	0	0	0	0	0	0	0	0	0	0	0	0	0	0	0	0	22	151	3
OTU_646	0	0	0	1	0	0	0	0	0	0	3	1	0	0	0	0	0	1	0	0	9	8	12	8	8	12	7	7	13	22	0	1	0	0	0	0	1	0	0	2
OTU_752	0	0	0	0	0	0	0	0	0	0	0	0	0	0	0	0	0	0	0	0	0	14	0	0	0	0	21	0	1	0	0	0	0	0	0	0	0	0	0	0
OTU_889	0	0	0	0	0	0	0	0	0	0	0	0	0	0	0	0	0	0	0	0	1	1	1	0	6	0	0	1	0	15	0	0	0	0	0	0	0	0	0	0
OTU_1089	0	0	0	0	0	0	0	0	0	0	0	0	0	0	0	0	0	0	0	0	5	4	15	3	7	5	4	6	1	4	0	0	0	0	0	0	0	0	0	0
OTU_284	0	0	0	0	0	0	0	0	0	0	0	0	0	0	1	0	0	0	2	2	62	8	2	3	0	88	10	2	4	0	0	0	0	0	0	0	0	0	0	1
OTU_738	0	0	0	0	0	4	0	0	0	0	0	7	0	2	0	0	0	7	0	3	1	0	0	1	1	2	1	0	0	14	4	0	0	0	0	1	0	11	2	3
OTU_820	0	0	0	0	0	0	0	0	0	0	0	0	0	0	0	0	1	0	0	0	0	17	0	0	0	2	8	2	0	1	0	0	0	0	0	0	2	0	0	0
OTU_796	0	0	0	0	0	0	0	0	0	0	0	0	0	0	0	0	0	0	0	0	4	0	0	3	0	13	0	11	2	0	0	0	0	0	0	0	0	0	0	0
OTU_944	0	0	0	0	0	0	0	0	0	1	0	0	0	0	0	0	0	0	0	0	0	3	14	1	0	3	3	6	1	0	0	0	0	0	0	1	0	0	0	0
OTU_358	0	0	0	17	54	1	0	11	0	0	0	0	0	0	0	0	0	0	0	0	3	0	7	0	2	4	1	8	0	2	0	13	57	0	0	0	0	0	1	0
OTU_261	0	0	0	0	0	0	0	0	0	0	0	1	0	0	0	0	0	0	0	11	1	0	9	155	17	4	0	4	209	21	0	0	0	0	0	6	0	0	0	13
OTU_720	0	0	0	0	0	0	0	0	0	0	0	0	0	0	0	0	0	0	0	0	6	0	11	2	25	6	1	13	2	30	0	0	0	0	0	0	0	1	0	0
OTU_183	0	0	0	0	0	0	0	0	0	0	0	0	0	0	0	0	0	0	0	14	22	0	147	4	0	47	0	198	2	0	0	0	0	0	0	0	0	0	0	10
OTU_267	0	9	8	2	0	3	39	31	1	4	1	0	0	0	0	0	0	0	0	2	0	0	0	0	0	0	0	0	0	0	3	2	0	50	3	0	4	0	0	2
OTU_352	0	0	0	0	0	0	0	0	0	0	0	0	0	0	0	0	0	4	0	1	3	6	41	7	1	6	8	42	4	1	0	0	0	0	0	0	0	1	0	1
OTU_607	0	0	0	0	0	0	0	0	0	0	0	0	0	0	0	0	0	0	0	0	6	0	11	3	6	2	3	11	4	18	0	0	0	0	0	0	0	0	0	0
OTU_878	0	0	0	0	0	0	0	0	0	0	0	0	0	0	0	0	0	0	0	0	3	3	11	2	7	2	3	16	2	10	0	0	0	0	0	0	0	1	0	0
OTU_379	0	3	0	1	0	0	0	0	0	0	0	0	0	0	0	0	0	0	0	0	9	2	43	2	11	9	3	41	0	1	0	0	0	0	0	0	0	0	0	0
OTU_650	0	0	0	0	0	0	0	0	0	0	0	0	0	0	0	0	0	0	0	0	0	6	22	9	5	0	3	25	4	4	0	1	0	0	0	0	1	0	0	0
OTU_298	0	0	0	0	0	0	0	0	0	0	0	0	0	0	0	0	0	0	0	1	24	9	50	68	19	31	6	62	91	35	0	0	0	0	0	0	0	0	0	1
OTU_449	0	0	0	0	0	0	0	0	0	0	0	0	0	0	0	0	0	1	0	0	4	6	17	9	27	1	8	22	12	36	0	0	0	0	0	0	0	0	0	1
OTU_550	0	0	0	0	0	0	0	0	0	0	0	0	0	0	0	0	0	0	0	0	1	1	8	19	3	4	6	14	19	9	0	0	0	0	0	0	0	0	0	0
OTU_481	0	0	0	0	0	0	0	0	0	0	0	0	0	0	0	0	0	0	0	0	4	2	14	13	11	7	7	17	8	17	0	0	0	0	0	0	0	0	0	0
OTU_315	0	0	0	0	0	0	0	0	0	0	0	0	0	0	0	0	0	0	0	2	33	1	33	3	12	31	10	59	7	18	0	0	0	0	0	0	0	0	0	3
OTU_603	0	0	0	0	0	0	0	0	0	0	0	0	0	0	0	0	3	0	0	0	1	8	3	6	0	1	11	4	12	0	0	0	0	0	0	0	4	0	0	0
OTU_997	0	0	0	0	0	0	0	0	0	0	0	0	0	0	0	0	0	0	0	1	3	5	2	5	8	2	2	2	3	3	0	0	0	0	0	0	0	0	0	0
OTU_572	0	0	0	0	0	0	0	0	0	0	0	0	0	0	0	1	0	0	0	0	11	5	17	14	25	9	9	14	10	26	0	0	0	0	0	0	0	0	0	0
OTU_901	0	0	0	0	0	0	0	0	0	0	0	0	0	0	0	0	0	0	0	0	0	12	1	0	0	0	9	3	0	1	0	0	0	0	0	0	0	0	0	0
OTU_351	0	0	0	0	0	0	0	0	0	0	79	0	0	0	0	0	0	0	0	0	4	2	22	2	3	3	0	29	5	1	0	0	0	0	0	0	0	0	0	0
OTU_702	0	2	0	1	0	2	0	0	10	1	0	0	0	0	0	0	0	0	0	0	6	0	4	2	0	6	1	1	1	0	0	5	0	4	18	0	0	0	0	0
OTU_318	0	0	0	0	0	0	0	0	0	0	0	0	0	8	0	0	0	0	0	1	0	4	0	107	1	0	8	0	129	12	0	0	0	0	0	0	0	0	0	3
OTU_462	0	0	0	0	0	0	0	0	1	95	37	11	0	0	0	0	0	0	0	0	0	0	0	0	0	0	0	1	0	0	0	0	0	0	0	1	1	0	0	1
OTU_660	0	15	0	5	3	1	0	1	0	4	2	2	0	0	0	0	25	0	0	0	38	7	0	1	0	40	4	3	0	0	0	5	9	1	1	0	32	0	0	0
OTU_438	0	0	0	3	0	0	0	0	0	0	0	0	0	0	0	0	0	0	0	0	9	3	64	9	21	2	0	56	6	44	0	6	0	1	0	0	0	0	0	1
OTU_816	0	0	0	0	0	0	1	0	0	0	0	0	0	0	0	0	0	0	0	0	0	0	8	2	1	1	0	1	15	2	0	0	0	0	0	0	0	0	0	0
OTU_813	0	0	0	0	0	0	0	0	0	0	0	0	1	2	0	0	0	0	17	2	0	0	0	0	0	0	1	0	0	0	0	0	0	0	0	1	0	0	43	2
OTU_1057	0	0	0	0	0	0	0	0	0	0	0	0	0	0	0	0	0	0	0	0	0	0	1	1	4	0	4	1	5	1	0	0	0	0	0	0	0	0	1	0
OTU_397	0	0	0	0	0	0	0	0	0	0	1	117	0	0	2	1	0	3	5	1	1	0	2	0	3	0	2	1	0	2	0	0	0	0	0	4	0	9	7	10
OTU_216	0	0	1	0	1	0	0	2	0	0	3	0	0	0	0	0	0	0	3	2	17	1	7	81	45	19	1	14	92	54	0	2	0	0	0	0	0	0	0	1
OTU_685	0	2	0	0	0	0	0	0	0	0	0	0	0	0	0	0	0	0	0	16	6	0	0	0	3	7	0	0	0	3	0	0	0	0	2	0	0	0	0	10
OTU_1208	0	0	0	0	0	0	0	0	0	0	0	0	0	0	0	0	0	0	0	0	0	1	7	9	0	0	0	7	6	0	0	0	0	0	0	0	0	0	0	0
OTU_561	0	0	0	0	0	0	0	0	0	0	0	0	0	0	0	0	0	0	0	0	10	2	14	4	10	9	4	16	7	22	0	0	0	0	0	0	0	0	0	0
OTU_415	0	0	0	0	0	0	0	0	0	0	0	3	0	1	0	3	0	1	0	4	13	2	42	12	26	8	2	33	3	30	0	0	0	0	0	3	0	0	0	3
OTU_903	0	0	0	0	0	0	0	0	0	0	0	0	0	0	0	0	1	0	0	2	2	4	4	5	0	6	0	14	2	3	0	0	0	0	0	0	0	0	0	0
OTU_728	0	0	0	0	0	0	0	0	0	3	0	0	0	0	0	0	1	0	0	0	11	1	3	3	2	9	0	0	4	0	0	0	0	0	0	2	0	0	0	0
OTU_408	0	0	0	0	0	0	0	0	0	0	0	6	0	0	0	0	66	0	0	0	0	0	0	0	0	0	0	0	0	0	0	0	0	0	0	0	69	0	0	2
OTU_336	0	0	0	1	0	0	5	2	0	7	1	0	0	0	0	6	0	0	0	0	0	1	0	64	0	1	1	2	52	0	0	0	0	12	0	6	2	0	0	1
OTU_679	0	1	7	0	0	0	0	0	0	0	0	0	0	0	0	2	0	0	2	1	2	0	0	9	3	1	0	0	5	11	0	4	0	0	5	3	0	0	0	0
OTU_571	0	0	0	0	0	0	0	0	0	0	0	0	0	0	0	0	0	0	0	0	0	10	7	7	23	0	2	5	15	32	0	0	0	0	0	0	0	0	0	0
OTU_515	0	0	0	0	0	0	0	0	0	0	0	8	0	5	57	0	0	2	10	0	0	0	0	0	0	0	0	0	0	0	0	0	0	0	0	0	0	2	8	1
OTU_867	0	0	0	1	0	0	0	0	0	0	0	0	0	0	0	0	2	0	0	0	2	1	15	0	7	6	6	17	2	10	1	0	0	0	1	0	0	0	0	3
OTU_1118	0	0	0	0	0	0	0	0	0	0	0	0	0	0	2	0	14	0	0	0	0	0	0	0	0	0	0	2	0	0	0	0	0	0	0	0	4	0	0	0
OTU_484	0	0	0	0	0	0	0	0	27	0	0	0	0	0	0	0	0	0	0	0	0	0	0	0	0	0	0	0	0	0	0	0	0	0	38	0	0	0	0	0
OTU_807	0	0	0	0	0	0	0	0	0	0	0	0	0	0	0	0	0	0	0	0	0	2	6	18	10	0	0	7	11	4	0	0	0	0	0	0	0	0	0	0
OTU_542	0	0	0	0	0	0	0	0	0	0	0	0	0	0	0	0	0	0	0	0	35	0	0	0	0	34	0	0	3	0	0	0	0	0	0	0	0	0	0	0
OTU_562	0	0	0	0	0	0	0	0	0	0	5	0	0	0	0	0	0	0	1	0	0	21	59	1	1	0	20	48	1	0	0	0	0	0	0	2	0	0	0	0
OTU_710	0	0	0	1	0	0	0	0	0	0	0	0	1	1	0	13	0	0	0	1	1	0	6	1	0	3	3	1	0	0	0	0	3	0	0	11	0	2	6	0
OTU_486	0	2	0	0	1	0	0	0	0	69	0	0	0	0	0	0	0	0	0	0	4	0	0	0	0	5	0	0	0	0	0	0	4	0	0	0	0	0	0	0
OTU_1053	0	0	0	0	0	0	0	0	0	0	0	36	0	0	0	0	0	0	0	0	0	0	0	0	0	0	0	0	0	0	0	0	0	0	0	0	0	0	0	0
OTU_308	0	0	0	0	0	1	0	0	0	0	1	26	0	0	0	1	44	2	0	13	0	0	6	0	0	0	0	6	0	0	0	0	0	0	0	3	74	0	0	11
OTU_942	0	0	0	0	0	0	0	1	0	0	0	2	0	0	0	0	0	1	0	0	8	3	1	0	0	13	7	0	4	0	0	1	0	0	0	0	0	0	0	0
OTU_971	0	1	0	0	0	0	0	0	0	0	0	0	0	0	0	0	0	0	0	0	4	1	4	3	4	2	1	4	0	2	1	0	0	0	0	0	0	0	0	0
OTU_1146	0	0	0	0	0	0	0	0	0	0	0	2	0	0	0	0	2	1	0	2	5	1	1	2	3	5	0	2	4	7	0	0	0	0	0	0	1	0	0	0
OTU_730	0	0	0	0	0	0	0	0	0	0	0	0	0	0	0	0	0	0	0	0	3	0	5	3	12	1	1	17	7	2	0	0	0	0	0	0	0	0	0	0
OTU_393	0	0	0	0	0	0	0	1	0	0	0	0	0	0	0	0	0	0	0	0	43	2	0	1	0	48	2	1	4	0	0	0	0	0	0	0	0	0	0	0
OTU_539	0	0	0	0	0	0	0	0	0	0	0	0	0	0	14	0	0	0	4	0	2	7	3	2	23	1	7	0	2	8	0	0	0	0	0	0	0	1	14	0
OTU_920	0	0	0	0	0	0	0	0	0	0	0	1	0	0	0	6	0	2	9	2	0	0	1	0	0	0	0	0	0	1	0	0	0	0	0	4	0	13	3	1
OTU_683	0	0	0	0	0	0	0	0	0	0	0	1	0	0	0	26	0	1	0	0	0	0	0	0	1	0	0	0	1	3	0	0	0	0	0	34	0	0	0	0
OTU_641	0	0	0	0	0	0	0	0	0	0	0	0	0	0	0	0	0	5	0	0	1	16	12	4	2	1	24	9	1	3	0	0	0	0	0	0	0	2	0	0
OTU_621	0	0	0	0	0	0	0	0	0	0	2	0	0	0	0	0	0	0	0	0	6	1	8	2	6	14	3	5	6	7	0	0	0	0	0	0	0	0	0	0
OTU_724	0	0	0	0	0	0	0	0	0	0	0	0	0	0	0	0	0	0	0	0	3	4	18	6	0	0	1	12	3	4	0	0	0	1	0	0	0	0	0	0
OTU_1037	0	0	0	0	0	0	0	0	0	0	0	0	0	0	0	0	0	0	0	0	0	3	15	2	0	0	1	4	1	1	0	0	0	0	0	0	0	0	0	0
OTU_653	0	0	0	0	0	0	0	0	0	0	0	0	0	0	0	0	0	0	0	0	3	0	2	24	0	2	0	1	29	5	0	0	0	0	0	0	0	0	0	0
OTU_455	0	0	0	0	0	0	0	0	0	0	0	9	0	0	0	0	52	0	0	0	9	0	0	0	2	1	0	0	0	0	0	0	0	0	0	0	82	0	0	0
OTU_836	0	0	0	0	0	0	0	0	0	0	0	0	0	0	0	0	0	1	0	0	7	2	12	7	3	5	0	17	5	0	0	1	0	0	0	0	0	6	0	1
OTU_935	0	0	0	0	0	0	0	0	0	0	0	0	0	0	0	0	0	0	0	0	0	0	4	1	8	0	0	5	0	4	0	0	0	0	0	0	0	0	0	0
OTU_823	0	35	0	0	0	0	0	0	0	0	6	0	0	0	0	0	0	0	0	0	0	0	0	0	0	0	0	0	0	0	0	0	0	0	0	0	0	0	0	0
OTU_327	0	0	0	0	0	0	0	0	0	0	0	0	0	0	2	78	0	0	0	11	0	0	0	0	0	0	0	0	0	0	0	0	0	0	0	136	0	0	0	19
OTU_749	0	0	0	0	0	0	0	0	0	0	0	0	0	1	0	4	0	0	0	1	3	8	3	1	5	2	12	1	2	3	0	0	0	0	0	2	0	0	4	0
OTU_988	0	1	0	0	0	0	0	0	0	0	7	14	0	0	0	0	0	4	0	1	6	2	0	0	0	2	6	0	0	0	0	0	0	0	0	0	0	10	0	2
OTU_1059	0	0	0	0	0	0	0	0	0	0	0	0	0	0	0	0	0	0	0	0	4	3	2	3	5	1	4	8	6	7	0	0	0	0	0	0	0	0	0	0
OTU_311	0	0	0	0	0	0	0	0	0	0	0	0	0	0	0	0	0	0	0	0	0	100	0	2	0	0	121	0	1	7	0	0	0	0	0	0	0	0	0	0
OTU_731	0	0	0	0	0	0	0	0	0	0	0	0	0	0	0	0	0	0	0	0	3	9	13	2	8	3	5	20	6	13	0	0	0	0	0	0	0	0	0	0
OTU_664	0	0	0	0	0	0	0	0	0	0	0	0	0	0	0	0	0	0	0	0	8	0	0	0	24	9	0	0	0	13	0	0	0	0	0	0	0	0	0	0
OTU_564	0	0	0	0	0	0	0	0	0	0	0	2	0	0	0	0	0	23	0	0	0	0	0	0	0	0	0	0	0	0	0	0	0	0	0	0	0	22	0	0
OTU_1038	0	0	0	0	0	0	0	0	0	0	0	15	0	0	0	0	7	0	0	0	0	0	0	0	0	0	0	0	0	0	0	0	0	0	0	0	7	0	0	0
OTU_585	0	0	0	0	0	0	0	0	0	0	0	6	0	0	2	0	1	7	11	2	0	0	0	0	0	0	0	0	0	0	0	0	0	0	0	1	2	20	16	1
OTU_499	0	0	0	1	0	0	0	0	0	0	0	3	2	7	2	6	0	14	11	0	0	4	1	1	3	0	3	0	2	0	0	4	0	0	0	12	0	12	21	2
OTU_1007	0	1	0	0	0	0	0	0	0	0	5	1	0	1	0	1	1	0	0	0	7	0	0	0	1	19	2	1	0	4	0	0	0	0	1	0	0	1	1	1
OTU_583	0	0	0	0	0	0	0	0	0	0	2	13	2	5	4	46	0	7	7	1	1	0	0	0	0	0	0	0	0	0	0	0	0	0	0	58	0	6	21	5
OTU_927	0	0	0	0	0	0	0	0	0	0	0	0	0	0	0	0	1	0	0	0	2	3	16	1	6	0	2	12	2	5	0	0	0	0	1	0	0	0	0	0
OTU_774	0	0	0	0	0	0	0	0	0	0	0	0	0	0	0	0	0	0	0	0	4	8	3	3	1	8	6	2	3	8	0	0	0	0	0	0	0	0	0	0
OTU_593	0	0	0	4	0	0	2	6	0	3	0	0	0	0	0	0	0	0	0	2	4	4	1	3	1	3	8	12	0	8	0	3	0	3	0	0	0	0	0	2
OTU_831	0	0	0	0	0	0	0	0	0	0	1	0	0	0	0	0	0	0	0	0	0	0	0	12	0	0	0	0	16	0	0	0	0	0	0	0	0	0	0	1
OTU_469	0	0	0	0	48	0	0	0	0	0	0	0	0	0	0	0	0	0	0	0	0	0	0	0	0	0	0	0	0	0	0	0	64	1	0	0	0	0	0	0
OTU_729	0	0	1	0	2	0	0	0	0	0	0	1	0	0	0	0	0	3	0	0	0	0	20	1	0	0	0	24	1	0	0	0	0	0	0	0	0	7	0	0
OTU_753	0	0	0	0	0	0	0	0	0	0	0	0	0	0	0	0	0	0	0	0	0	0	29	14	0	0	0	19	19	0	0	0	0	0	0	0	0	0	0	0
OTU_706	0	0	0	0	0	0	0	0	0	0	0	0	0	0	0	3	0	0	0	0	1	9	6	0	8	1	7	4	5	7	0	0	0	0	0	0	0	0	0	0
OTU_882	0	5	3	0	1	3	0	1	2	0	0	0	0	0	0	2	0	3	2	0	4	7	1	0	2	4	14	14	0	0	4	0	0	0	0	5	0	9	0	5
OTU_565	0	0	0	0	0	0	0	0	0	1	0	0	0	0	0	0	0	0	0	0	33	0	2	0	2	43	0	5	3	1	0	2	0	0	0	0	0	0	0	0
OTU_459	0	0	0	0	0	0	0	0	0	0	2	0	0	1	0	0	0	0	0	0	2	35	4	3	0	2	47	10	2	1	0	0	0	0	0	0	0	0	0	2
OTU_296	0	1	0	0	0	1	0	6	2	5	8	0	0	0	0	0	0	0	1	2	19	24	13	3	1	15	41	10	8	2	0	0	0	0	4	3	0	1	10	1
OTU_783	0	0	0	0	0	0	0	0	0	0	0	1	0	0	0	0	0	0	0	1	9	1	1	1	6	8	0	0	1	6	0	1	0	0	0	0	2	0	0	1
OTU_538	0	0	0	0	0	0	0	0	0	0	0	0	0	0	0	0	0	0	0	0	7	0	29	0	0	12	0	28	0	1	0	0	0	0	0	0	0	0	0	0
OTU_883	0	0	0	0	0	0	0	0	0	0	0	0	0	0	0	0	0	0	0	0	5	0	1	5	5	2	0	0	1	15	0	0	0	0	0	0	1	0	0	1
OTU_436	0	0	0	0	0	0	0	0	0	0	0	0	0	0	0	0	0	0	0	0	5	1	1	4	31	5	1	9	7	45	0	0	0	0	0	0	0	0	0	0
OTU_700	0	0	0	0	0	0	0	0	0	0	0	0	0	0	0	0	0	0	0	0	16	8	0	2	6	12	10	0	3	12	0	0	0	0	0	0	0	0	0	0
OTU_876	0	0	0	0	0	0	0	0	0	0	0	1	0	0	0	0	0	0	0	1	0	3	0	0	8	0	5	0	0	12	0	0	0	0	0	0	0	0	0	3
OTU_840	0	0	0	0	0	0	0	0	0	0	0	0	1	0	24	2	0	1	2	2	0	0	0	0	0	0	0	0	0	0	0	0	0	0	0	0	0	1	18	4
OTU_771	0	0	0	0	0	0	0	0	0	0	0	0	0	0	0	0	0	0	0	0	2	8	6	9	0	3	6	9	8	3	0	0	0	0	0	0	0	0	0	0
OTU_849	0	6	0	0	0	0	0	1	0	0	1	0	0	0	0	0	24	0	0	0	4	1	0	1	0	4	1	0	1	2	0	0	0	0	0	0	23	0	0	0
OTU_713	0	0	0	0	0	0	0	0	0	0	0	0	0	0	0	0	0	0	0	0	0	0	15	5	4	1	0	2	2	11	0	0	0	0	0	0	1	0	0	0
OTU_795	0	0	0	0	0	0	0	0	0	0	0	0	0	0	0	0	0	0	0	0	10	0	0	0	0	12	0	0	0	0	1	0	0	0	0	0	0	0	0	0
OTU_655	0	0	0	0	0	0	0	0	0	0	0	0	0	0	0	0	0	1	0	2	3	6	5	5	8	1	3	6	2	1	0	0	0	0	0	0	0	0	0	3
OTU_535	0	0	0	0	0	0	0	0	0	0	0	0	0	0	0	0	0	0	0	1	14	3	3	5	14	9	6	4	9	15	0	0	0	0	0	0	0	0	0	0
OTU_389	0	0	6	0	0	0	0	0	4	0	0	0	1	3	0	0	0	0	0	0	0	41	4	2	0	1	44	4	0	0	0	0	0	0	3	0	0	0	0	0
OTU_1209	0	0	0	0	0	0	0	0	0	0	0	0	0	0	0	0	0	0	0	0	0	1	0	24	6	0	2	0	22	10	0	0	0	0	0	0	0	0	0	0
OTU_450	0	0	1	1	1	2	0	0	0	3	10	1	0	3	0	0	0	3	0	2	6	0	2	12	6	8	0	11	11	15	0	1	2	0	0	0	0	7	0	4
OTU_579	0	0	0	1	0	0	0	0	0	0	0	0	0	0	0	0	0	0	0	0	14	0	6	3	14	20	2	11	3	16	0	1	0	0	0	0	1	0	0	0
OTU_466	0	0	0	0	0	0	0	0	0	0	0	0	0	0	1	49	0	0	0	0	3	1	4	0	0	4	1	4	0	0	0	0	0	0	0	78	0	1	0	2
OTU_1047	0	0	0	0	0	0	0	0	0	0	0	0	0	0	0	0	0	0	0	0	0	1	4	7	3	0	3	6	3	1	0	0	0	0	0	0	0	0	0	0
OTU_1090	0	0	0	0	0	0	0	0	0	0	0	0	0	0	0	0	0	0	0	0	2	2	6	2	3	5	1	17	4	7	0	0	0	0	0	0	0	0	0	1
OTU_568	0	0	0	0	0	0	0	0	0	0	0	0	0	0	0	0	0	0	0	0	2	5	22	4	4	5	2	17	1	5	0	0	0	0	0	1	0	0	0	0
OTU_659	0	0	0	0	0	0	0	0	0	0	4	3	0	0	0	0	0	6	0	0	10	1	0	21	20	8	0	4	28	32	0	1	0	0	0	0	1	5	0	0
OTU_622	0	0	0	0	0	0	0	0	0	0	0	0	0	0	0	0	0	0	0	0	0	0	23	0	0	0	0	21	0	0	0	0	0	0	0	0	0	0	0	0
OTU_982	0	0	0	0	0	0	0	0	0	0	1	2	0	0	0	0	1	1	0	4	13	0	1	0	0	19	0	3	0	0	0	0	0	0	0	0	0	0	0	2
OTU_297	0	0	0	0	0	0	0	0	0	0	0	0	0	0	0	0	0	0	0	0	58	0	0	0	29	62	0	0	0	43	0	0	0	0	0	0	0	0	0	0
OTU_693	0	0	0	0	0	0	0	0	0	0	0	2	0	0	0	1	0	2	0	0	2	1	17	3	2	3	0	9	0	5	0	0	0	0	0	1	2	1	0	0
OTU_337	0	0	0	2	0	0	0	0	2	1	0	0	0	0	0	0	1	0	0	0	17	0	0	0	30	37	0	0	1	53	0	0	0	0	0	0	3	0	0	0
OTU_524	0	1	0	2	0	0	0	0	1	1	0	0	0	0	0	0	1	0	0	2	1	4	2	9	3	0	3	7	9	5	0	3	8	0	0	0	2	0	0	2
OTU_380	0	0	0	0	0	0	0	0	0	0	0	0	0	0	0	0	0	0	0	0	1	6	25	7	9	2	7	37	10	11	0	0	0	0	0	0	0	0	0	0
OTU_1123	0	2	0	1	0	0	0	0	0	0	0	0	0	0	0	0	0	0	0	0	2	3	1	5	6	5	0	3	6	6	0	0	0	0	1	0	0	0	0	0
OTU_828	0	0	0	1	1	0	0	0	0	0	1	0	0	0	0	0	0	0	0	0	0	3	7	20	6	0	3	9	26	8	0	0	0	1	0	0	0	0	0	0
OTU_684	0	0	0	0	0	0	0	0	0	0	0	0	0	0	0	0	0	0	0	0	15	0	21	0	5	19	0	31	0	3	0	0	0	0	0	0	0	0	0	0
OTU_601	0	12	0	0	0	0	1	0	0	0	0	0	0	10	0	5	0	0	0	0	13	0	0	0	0	9	1	0	0	0	0	0	0	2	0	21	0	1	7	0
OTU_940	0	0	0	0	0	0	0	0	0	0	0	0	0	0	0	0	0	0	0	0	5	0	3	1	1	9	1	2	1	1	0	0	0	0	0	0	1	0	0	1
OTU_581	0	0	0	0	0	0	0	0	0	2	0	0	0	0	1	23	0	0	0	4	0	1	0	0	0	0	2	1	0	0	0	0	0	0	0	67	0	0	0	5
OTU_1214	0	0	0	0	0	0	0	0	0	0	0	0	0	0	0	0	0	1	0	1	0	1	11	2	1	1	3	2	0	0	0	0	0	0	0	0	0	0	0	1
OTU_632	0	0	0	0	0	0	0	0	1	0	20	0	0	0	0	0	0	0	0	5	7	0	0	3	3	13	3	0	2	4	0	0	0	0	0	0	0	0	0	9
OTU_762	0	0	0	0	0	0	0	0	0	0	0	5	0	0	0	0	0	1	0	0	0	3	5	15	5	1	3	6	15	3	0	0	0	0	0	0	0	0	0	0
OTU_784	0	1	0	2	0	0	1	0	0	0	0	2	0	0	0	0	0	1	0	2	2	0	5	1	2	3	4	1	1	1	1	2	0	1	1	1	0	1	0	5
OTU_573	0	0	0	0	0	0	0	0	0	0	0	0	0	0	0	0	0	0	0	0	0	0	22	0	0	0	0	45	0	0	0	0	0	0	0	0	0	0	0	0
OTU_610	0	0	0	0	0	0	0	0	0	0	0	3	0	4	0	0	0	14	0	0	0	0	0	0	0	0	0	0	0	0	0	0	0	0	0	0	0	35	0	0
OTU_822	0	0	0	0	0	0	0	0	0	0	0	0	0	0	0	0	2	1	0	0	1	0	4	1	0	4	1	7	2	0	0	0	0	0	0	2	2	0	0	1
OTU_1205	0	0	0	0	0	0	0	0	0	0	0	0	0	14	0	0	1	3	6	0	0	0	2	0	0	0	0	0	0	1	0	0	0	0	0	0	1	4	10	0
OTU_533	0	0	0	0	0	0	0	0	0	2	0	0	3	0	0	0	0	2	0	0	0	5	14	6	3	1	3	27	2	1	0	0	0	0	0	0	0	4	0	0
OTU_400	0	0	2	0	0	0	0	1	0	0	9	1	0	0	0	0	0	0	0	0	0	39	0	2	1	1	46	0	1	0	0	0	0	0	0	0	0	0	0	3
OTU_657	0	0	0	0	0	0	0	0	0	0	2	1	0	0	0	0	0	0	0	0	21	8	13	0	0	24	9	22	6	0	0	0	0	0	0	0	0	0	0	0
OTU_838	0	7	0	0	0	0	0	0	0	0	0	0	0	0	0	0	2	0	0	0	1	0	0	8	14	2	1	2	5	14	0	0	0	0	0	0	0	0	0	0
OTU_1202	0	0	0	0	0	0	0	0	0	0	0	0	0	0	0	0	0	0	0	0	0	2	2	0	1	0	5	4	2	0	0	0	0	0	0	0	0	0	0	0
OTU_534	0	0	4	1	0	0	0	0	0	7	0	0	0	0	0	2	0	0	0	4	5	5	1	8	2	2	7	6	11	12	0	1	0	0	0	5	0	0	2	2
OTU_1060	0	0	0	0	0	0	0	0	0	0	0	0	0	0	0	0	0	0	0	0	2	0	0	0	11	2	0	0	0	14	9	0	0	0	0	0	0	0	0	0
OTU_941	0	0	0	0	0	0	0	0	0	0	0	0	0	0	0	0	0	0	0	0	1	0	0	5	6	0	1	0	4	7	0	0	0	0	0	0	0	0	0	0
OTU_832	0	0	0	0	0	0	0	0	12	0	0	0	0	0	0	0	0	0	0	0	0	16	0	0	0	3	8	0	0	0	0	0	0	0	10	0	0	0	0	0
OTU_322	0	1	0	0	0	0	0	1	0	0	0	0	0	0	0	0	0	0	0	0	31	12	12	11	9	17	10	6	7	16	3	0	0	0	0	0	0	0	0	5
OTU_760	0	0	0	0	0	0	0	0	0	0	0	0	0	0	0	0	0	0	0	0	0	0	0	0	27	0	0	0	0	20	0	0	0	0	0	0	0	0	0	0
OTU_929	0	0	0	0	0	0	0	0	0	0	0	0	0	0	0	0	0	0	0	2	12	0	2	0	0	16	0	6	0	0	0	0	0	0	0	0	0	0	0	1
OTU_910	0	0	0	0	0	0	0	0	0	0	0	0	0	0	0	0	0	0	0	0	0	27	0	0	3	0	19	0	0	0	0	0	0	0	0	0	0	0	0	0
OTU_769	0	0	0	0	0	0	0	0	0	0	3	0	0	0	0	2	0	0	0	2	0	1	3	5	3	4	4	6	11	3	0	0	0	0	0	0	0	0	2	1
OTU_922	0	3	0	0	0	0	0	0	0	0	0	0	0	0	0	0	0	0	0	0	9	1	0	0	7	11	0	0	0	4	0	0	0	0	0	0	0	0	0	0
OTU_954	0	0	0	0	0	0	0	0	0	0	0	0	0	0	0	0	0	0	0	0	2	2	16	1	11	3	3	12	6	11	0	0	0	0	0	0	0	0	0	0
OTU_934	0	1	0	0	0	0	0	0	0	0	0	0	0	0	0	3	0	0	0	0	5	0	1	1	2	4	2	11	1	0	0	0	0	0	0	0	1	0	0	0
OTU_517	0	0	0	0	0	0	0	1	0	0	0	0	0	0	0	0	2	0	0	0	0	1	0	45	0	0	2	0	68	0	7	0	0	0	0	0	5	0	0	0
OTU_967	0	0	0	0	0	0	0	0	0	0	0	0	2	3	0	0	0	2	6	5	0	1	2	1	0	0	6	5	1	0	0	0	0	0	0	2	0	2	10	3
OTU_877	0	0	0	0	0	0	0	0	0	0	0	0	0	0	0	0	0	1	0	0	0	11	0	1	0	0	16	0	0	1	0	0	0	0	0	0	0	0	0	0
OTU_947	0	1	0	0	0	1	0	0	0	0	5	0	0	0	0	0	0	0	0	5	0	1	0	0	0	0	0	0	0	0	0	3	2	0	0	0	0	0	0	10
OTU_1020	0	0	0	0	0	0	0	0	0	0	0	0	0	0	0	0	0	0	0	0	0	3	4	1	1	0	1	0	0	3	0	0	0	0	0	0	0	0	0	1
OTU_992	0	0	0	0	0	0	0	0	0	0	0	0	0	0	0	0	0	0	0	0	0	0	7	0	0	0	0	8	1	0	0	0	0	0	0	0	0	0	0	0
OTU_746	0	0	0	3	0	0	0	0	0	0	0	0	0	0	0	0	1	0	0	0	12	0	0	2	0	10	0	0	0	0	0	3	0	0	0	0	0	0	0	0
OTU_963	0	0	0	0	0	0	0	0	0	0	0	0	0	0	0	0	0	0	0	0	2	0	2	4	0	1	0	5	11	0	0	0	0	0	0	0	0	0	0	0
OTU_1204	0	0	0	0	0	0	0	0	0	0	0	0	0	0	0	0	0	0	0	0	0	0	2	2	5	2	1	4	2	5	0	0	0	0	0	0	0	0	0	0
OTU_767	0	0	0	0	0	0	0	0	0	0	0	0	0	0	0	0	0	0	0	0	0	12	3	3	3	1	9	0	3	5	0	0	0	0	0	0	0	0	0	0
OTU_559	0	0	0	0	0	0	0	0	0	0	0	0	0	0	0	0	0	0	0	0	34	1	3	0	4	23	1	2	0	1	0	0	0	0	0	0	0	0	0	0
OTU_461	0	0	0	0	0	0	0	0	0	0	0	17	0	0	83	0	0	0	3	1	0	0	0	0	0	1	0	0	0	0	0	0	0	0	0	0	0	0	3	1
OTU_1086	0	0	0	0	0	0	1	0	3	0	1	0	0	0	0	0	0	0	0	0	5	3	2	0	1	3	2	0	0	1	0	0	0	1	3	0	0	0	0	2
OTU_1135	0	0	0	0	0	0	0	0	0	0	0	0	0	0	0	0	0	0	0	0	0	2	8	1	0	0	2	5	3	0	0	0	0	0	0	0	0	0	0	0
OTU_782	0	0	0	0	0	0	0	0	0	0	0	0	0	0	0	0	0	0	0	0	7	0	0	12	0	10	0	0	8	0	0	0	0	0	0	0	0	0	0	0
OTU_331	0	0	0	0	0	0	1	0	1	0	0	2	0	0	9	0	0	0	26	0	2	0	42	3	0	0	0	61	0	4	0	0	0	0	0	2	0	3	26	0
OTU_874	0	0	0	0	2	0	0	0	0	0	0	0	0	0	0	1	0	0	0	0	8	4	4	1	0	6	2	3	1	1	0	0	0	0	0	0	0	0	0	1
OTU_471	0	0	0	0	1	0	0	0	0	2	16	1	0	0	0	0	4	0	0	15	8	1	1	3	0	11	7	6	6	0	0	0	0	0	1	0	1	0	0	25
OTU_766	0	0	0	0	0	0	0	0	0	0	0	0	0	0	0	0	0	0	0	0	4	7	0	5	3	3	9	0	4	6	0	0	0	0	0	0	0	0	0	0
OTU_930	0	0	0	0	0	0	0	0	0	0	0	0	0	0	0	0	0	0	0	0	2	1	10	5	0	2	3	7	3	4	0	0	0	0	0	0	0	0	0	0
OTU_1026	0	0	0	0	0	0	0	0	0	0	0	0	0	0	0	0	0	0	0	0	0	5	0	1	4	0	1	0	6	0	0	0	0	0	0	0	0	0	0	0
OTU_545	0	0	0	0	0	0	0	0	0	0	0	0	0	0	7	3	0	0	1	5	1	5	0	1	9	1	2	0	1	23	0	0	0	0	5	9	0	0	0	2
OTU_625	0	0	0	0	0	0	0	0	0	0	0	1	0	0	0	1	2	0	0	16	1	1	0	0	0	0	1	0	2	0	0	0	0	0	0	4	2	0	0	26
OTU_965	0	0	0	0	0	0	0	0	0	0	0	0	0	0	0	0	0	0	0	0	0	0	9	2	2	0	0	7	1	2	0	0	0	0	0	0	0	0	0	0
OTU_721	0	0	0	0	0	0	0	0	0	0	0	0	0	0	0	0	0	0	0	0	1	1	1	7	3	1	2	6	9	0	0	0	0	0	0	0	0	0	0	0
OTU_1072	0	0	0	0	0	0	0	0	0	0	0	0	0	0	0	0	0	7	0	0	0	0	0	0	0	0	0	0	0	0	0	0	0	0	0	0	0	14	0	0
OTU_976	0	0	0	0	0	0	0	0	0	0	4	2	0	0	4	0	0	0	0	0	0	0	0	5	0	1	0	0	8	0	0	0	3	0	0	0	0	0	0	0
OTU_993	0	0	0	3	0	0	0	0	0	0	0	0	0	0	0	0	0	0	0	0	2	4	3	0	1	3	0	0	0	16	0	3	0	0	0	0	0	0	0	0
OTU_615	0	1	1	0	2	0	2	0	0	1	0	0	0	0	0	0	0	0	0	3	1	0	9	1	1	0	4	16	3	5	0	0	0	1	0	0	0	0	0	5
OTU_855	0	0	0	0	0	0	0	0	0	0	0	0	0	0	0	0	0	0	0	0	3	0	8	0	0	8	0	12	1	0	0	0	0	0	0	0	0	0	0	0
OTU_1069	0	0	0	0	0	0	0	0	0	0	0	0	0	0	0	0	0	0	0	0	0	0	7	3	6	3	2	11	2	1	0	0	0	0	0	0	0	0	0	0
OTU_1034	0	0	0	0	0	0	0	0	0	0	0	0	0	0	0	0	0	0	0	0	0	0	8	1	1	2	0	4	0	1	0	0	0	0	0	0	0	0	0	0
OTU_442	0	0	0	0	0	0	0	0	0	0	0	1	0	0	0	0	0	0	0	0	5	3	9	1	15	3	3	19	3	42	0	0	0	0	0	0	0	0	0	0
OTU_464	0	0	0	0	0	0	0	0	0	0	2	95	0	0	0	0	0	2	0	0	0	0	0	0	0	0	0	0	0	0	0	0	0	0	0	0	0	13	0	0
OTU_616	0	0	0	0	0	0	0	0	0	0	0	0	0	0	0	0	0	2	0	1	10	4	3	0	0	25	3	5	0	0	0	0	0	0	0	0	0	5	0	0
OTU_821	0	0	0	0	0	0	0	0	0	0	0	0	0	0	0	0	0	0	0	0	10	2	6	10	3	9	0	8	3	6	0	0	0	0	0	0	0	0	0	0
OTU_670	0	0	0	0	0	0	0	0	0	0	0	0	0	0	0	0	0	0	0	0	0	17	0	0	0	0	24	0	0	0	0	0	0	0	0	0	0	0	0	0
OTU_703	0	0	0	0	0	0	0	0	0	0	0	0	0	0	0	0	0	0	0	0	1	0	5	5	13	2	0	1	3	14	0	0	0	0	0	0	0	0	0	0
OTU_1207	0	0	0	0	0	0	0	0	0	0	0	0	0	0	0	0	0	6	0	0	6	0	2	1	0	7	0	2	6	0	0	0	0	0	0	0	0	11	0	0
OTU_911	0	2	0	0	0	0	0	0	0	0	0	1	4	0	0	7	0	0	0	1	3	0	0	0	0	1	0	0	0	3	0	1	0	1	2	18	0	0	0	3
OTU_507	0	0	0	0	0	0	0	0	0	0	0	0	0	0	0	0	0	0	0	0	1	3	21	5	7	2	2	14	15	12	0	0	0	0	0	0	0	0	0	0
OTU_343	0	0	0	0	0	0	0	0	0	0	0	0	0	0	0	0	0	0	0	0	66	0	0	0	0	67	0	0	0	0	0	0	0	0	0	0	0	0	0	0
OTU_1140	0	0	0	0	0	0	0	0	0	0	0	0	0	0	0	0	0	0	0	0	0	0	0	0	7	0	0	2	2	5	0	0	0	0	0	0	0	0	0	0
OTU_770	0	0	0	0	0	0	0	0	0	0	0	0	0	0	0	0	0	0	0	0	0	0	0	0	39	0	0	0	0	41	0	0	0	0	0	0	0	0	0	0
OTU_842	0	0	0	2	0	0	0	0	0	0	1	3	0	0	0	0	1	0	0	0	1	2	0	5	6	0	0	3	1	7	0	0	0	0	0	0	4	0	0	1
OTU_946	0	0	0	0	0	0	0	0	0	0	0	0	0	0	0	0	0	0	0	0	0	0	2	2	4	0	3	5	6	7	0	0	0	0	0	0	0	0	0	0
OTU_569	0	0	0	0	0	0	0	0	0	0	0	0	0	0	0	0	0	0	0	0	2	7	3	3	4	1	7	18	0	14	0	0	0	0	0	0	0	1	0	0
OTU_825	0	1	0	3	0	0	0	3	3	0	0	0	0	0	0	0	0	0	0	0	2	1	0	0	2	5	2	5	1	2	0	2	0	0	0	0	0	0	0	0
OTU_680	0	1	0	0	0	0	0	0	0	0	0	5	0	0	0	0	0	0	0	1	1	5	1	1	6	1	2	7	0	12	1	0	0	0	0	0	0	0	0	2
OTU_482	0	0	0	0	0	0	0	0	0	0	0	0	0	0	0	0	0	0	0	0	23	4	9	26	4	27	3	9	29	7	0	0	0	0	0	0	0	0	0	1
OTU_1126	0	0	0	4	0	0	1	0	0	0	0	0	0	0	0	0	0	0	0	0	1	3	0	0	1	1	5	0	0	0	0	2	0	1	0	0	0	0	0	0
OTU_843	0	0	0	0	0	0	0	0	0	0	0	0	0	0	0	0	0	0	0	0	2	0	5	2	4	5	0	6	9	1	0	0	0	1	0	0	0	0	0	0
OTU_577	0	0	0	2	0	0	0	0	0	0	0	0	0	0	0	0	0	0	0	0	1	26	0	0	0	1	24	0	0	7	0	1	0	0	0	0	0	0	0	1
OTU_1018	0	0	1	0	0	0	0	0	0	0	0	0	0	0	0	0	4	0	0	1	4	0	0	0	3	5	0	0	0	1	0	0	0	0	0	0	4	0	0	0
OTU_1027	0	0	0	0	0	0	0	0	0	0	0	0	0	0	0	0	0	0	0	0	6	1	0	2	1	6	0	0	4	0	0	0	0	0	0	0	0	0	0	0
OTU_1131	0	2	0	0	0	0	0	0	6	0	0	0	0	0	0	0	0	0	0	0	2	0	0	0	0	1	0	0	1	0	0	0	0	0	2	0	0	0	0	0
OTU_792	0	0	0	0	0	0	0	0	0	0	0	0	0	0	0	0	0	0	0	0	6	1	1	2	25	4	0	0	0	27	0	0	0	0	0	0	0	0	0	1
OTU_904	0	0	0	0	0	0	0	0	0	0	0	0	0	0	0	0	0	0	0	1	2	0	4	3	3	2	0	1	4	11	0	0	0	0	0	0	0	0	3	0
OTU_857	0	0	0	0	0	0	0	0	0	0	0	0	0	0	0	0	0	0	0	0	0	0	8	4	0	0	0	10	7	0	0	0	0	0	0	0	0	0	0	0
OTU_912	0	0	0	0	0	0	0	0	0	0	0	0	0	0	0	0	0	0	0	0	1	0	15	0	0	0	0	9	1	0	0	0	0	0	0	0	0	0	0	0
OTU_757	0	0	0	0	0	0	0	3	0	0	1	18	0	0	0	0	0	0	0	0	0	0	1	1	0	1	0	2	10	2	0	0	0	0	0	0	0	0	0	0
OTU_526	0	0	1	0	0	0	0	0	0	0	0	0	0	0	0	0	0	0	0	0	1	1	25	7	2	1	3	23	6	11	0	0	0	0	0	0	0	0	0	0
OTU_1003	0	0	0	0	0	0	0	0	0	0	6	0	0	0	0	0	0	0	0	0	2	0	1	2	0	3	0	5	2	0	0	0	0	0	0	0	0	0	0	0
OTU_932	0	0	0	0	0	0	2	0	0	0	0	0	0	0	0	0	0	0	0	0	0	2	8	3	4	0	2	10	5	6	0	0	0	0	0	0	0	0	0	0
OTU_1170	0	0	0	0	0	0	0	0	0	0	0	0	0	0	0	0	0	0	0	0	0	0	10	1	6	1	1	3	6	4	0	0	0	0	0	0	0	0	0	0
OTU_1028	0	2	4	0	0	0	0	0	5	0	0	0	0	0	0	0	0	0	0	0	0	0	0	1	0	0	0	0	0	0	0	0	0	0	7	0	0	0	0	0
OTU_919	0	0	1	0	0	1	0	0	0	0	0	1	0	0	0	0	0	11	0	0	0	0	0	0	0	1	0	0	0	0	0	0	0	0	0	0	1	17	0	1
OTU_626	0	0	0	0	0	0	0	0	0	0	0	0	0	1	3	0	0	0	0	0	0	2	3	2	11	0	5	7	2	7	0	0	0	0	0	2	0	1	4	1
OTU_948	0	0	0	0	0	0	0	0	0	0	0	0	0	0	0	0	0	0	0	0	5	2	10	0	0	2	0	13	2	0	0	0	0	0	0	0	0	2	0	0
OTU_918	0	0	0	0	0	0	0	0	0	0	0	0	1	18	0	0	0	1	5	1	0	1	0	0	0	0	0	0	0	0	0	0	0	0	0	0	0	0	0	6
OTU_1176	0	0	0	0	0	0	0	0	0	0	0	0	0	0	0	0	0	0	0	0	0	0	2	0	2	1	1	0	1	6	0	0	0	0	0	0	0	0	0	0
OTU_1155	0	0	0	0	0	0	0	0	0	0	4	0	0	0	0	0	0	0	0	4	0	2	1	1	0	0	0	1	1	5	0	0	0	0	0	0	0	0	0	0
OTU_885	0	0	0	0	0	0	0	0	0	0	0	0	0	0	0	0	0	0	0	2	0	2	6	0	3	1	4	6	0	5	0	0	0	0	0	0	0	1	1	0
OTU_1222	0	0	0	0	0	0	0	0	0	0	0	0	0	0	0	0	0	0	0	0	0	0	0	0	9	0	0	0	0	10	0	0	0	0	0	0	0	0	0	0
OTU_1075	0	0	0	0	0	0	0	0	0	0	0	0	0	0	0	0	0	0	0	0	0	0	4	3	1	3	0	5	3	4	0	0	0	0	0	0	0	0	0	0
OTU_907	0	0	0	0	0	0	0	0	0	0	0	0	0	0	0	0	0	0	0	0	4	0	5	0	4	1	1	4	3	5	0	0	0	0	0	0	0	0	0	0
OTU_708	0	0	0	0	0	0	0	0	0	0	3	1	0	1	5	0	0	4	5	1	0	3	1	0	0	1	1	5	0	0	0	0	0	0	0	7	0	3	14	1
OTU_611	0	0	0	0	0	0	0	0	0	0	0	0	0	0	0	0	0	0	0	1	0	4	26	0	0	0	11	40	0	0	0	0	0	0	0	0	0	0	0	3
OTU_711	0	0	0	0	0	0	0	0	0	0	0	4	0	0	0	6	0	8	0	4	1	0	0	0	1	0	1	0	0	1	0	0	0	0	0	5	0	7	5	1
OTU_732	0	0	0	0	0	0	0	0	0	0	0	0	0	0	0	0	0	0	0	0	10	0	0	2	1	14	0	0	2	2	0	0	0	0	0	0	2	0	0	0
OTU_854	0	0	0	0	0	0	0	0	0	0	0	3	0	0	0	0	12	0	0	0	0	0	0	0	0	0	0	0	0	0	0	0	0	0	0	0	18	0	0	2
OTU_1173	0	0	0	0	0	0	0	0	0	0	0	0	0	0	0	0	0	0	0	0	3	0	12	0	2	0	0	3	2	1	0	0	0	0	0	0	0	0	0	0
OTU_923	0	0	0	0	0	0	0	0	0	0	0	0	0	0	0	0	0	0	0	0	0	0	0	0	14	0	1	0	0	21	0	0	0	0	0	0	0	0	0	0
OTU_634	0	0	0	0	0	0	0	0	0	0	0	0	0	0	0	0	0	0	0	0	1	1	11	4	10	3	1	6	3	11	0	0	0	0	0	0	0	0	0	0
OTU_1070	0	0	0	0	0	0	0	0	0	0	0	0	0	0	0	0	0	3	0	0	0	0	2	0	0	0	0	3	0	3	0	0	0	0	0	0	0	6	0	0
OTU_998	0	0	0	0	0	0	0	0	0	0	0	0	0	0	0	0	0	0	0	0	10	0	9	1	3	3	2	4	4	4	0	0	0	0	0	0	0	0	0	0
OTU_1139	0	0	0	0	0	0	0	0	0	0	0	0	0	0	0	0	0	0	0	0	0	0	10	0	0	0	0	16	0	0	0	0	0	0	0	0	0	0	0	0
OTU_1035	0	0	0	0	0	0	0	0	0	0	0	0	0	0	0	0	0	0	0	0	0	0	8	0	0	0	0	19	0	0	0	0	0	0	0	0	0	0	0	0
OTU_1054	0	0	0	0	0	0	0	0	0	0	0	0	0	0	0	0	0	0	0	0	6	0	3	4	3	1	0	3	3	1	0	0	0	0	0	0	0	0	0	0
OTU_1152	0	0	0	0	0	0	0	0	0	0	0	0	0	0	0	0	0	0	0	0	3	3	4	0	2	2	0	6	0	1	0	0	0	0	0	0	0	0	0	0
OTU_806	0	0	0	0	0	0	0	0	0	0	0	0	0	0	0	0	0	0	0	0	0	5	4	6	0	0	0	6	5	3	0	0	0	0	0	0	0	0	0	1
OTU_672	0	0	0	0	0	0	0	0	0	0	0	0	0	0	0	0	0	0	0	1	6	0	0	13	1	19	0	4	17	2	3	0	0	0	0	0	0	0	0	0
OTU_1196	0	0	0	0	0	0	0	0	0	0	0	1	0	0	0	0	0	1	0	0	1	0	2	0	1	0	0	3	0	3	0	0	0	0	0	0	0	1	0	0
OTU_698	0	0	0	0	0	0	0	0	0	0	0	0	0	0	0	0	0	0	0	0	21	0	0	0	0	12	0	0	0	0	0	0	0	0	0	0	0	0	0	0
OTU_894	0	0	0	0	0	0	0	0	0	0	0	0	0	0	0	0	0	0	0	0	10	0	0	0	0	14	0	0	0	0	0	0	0	0	0	0	0	0	0	0
OTU_333	0	0	0	0	0	0	0	0	0	0	14	18	0	0	0	0	4	0	0	18	2	0	10	2	13	0	0	24	8	7	0	0	3	0	0	0	8	0	0	34
OTU_758	0	0	0	0	0	0	0	0	0	0	8	0	0	0	0	0	0	2	0	0	11	4	3	4	4	11	6	7	16	1	0	0	0	0	0	0	0	0	0	0
OTU_1185	0	0	0	0	0	0	0	0	0	0	0	0	0	0	0	0	0	0	0	0	0	2	8	1	1	0	0	7	2	0	0	0	0	0	0	0	0	0	0	0
OTU_1169	0	0	0	0	0	0	0	0	0	0	0	0	0	0	1	1	0	4	2	0	0	0	0	0	0	0	0	0	0	0	0	0	0	0	0	1	0	2	7	0
OTU_1081	0	0	0	0	0	0	0	0	0	0	0	0	0	0	0	0	0	0	0	0	5	0	0	7	2	5	0	0	3	5	0	0	0	0	0	0	0	0	0	0
OTU_835	0	0	0	0	0	0	0	0	0	0	0	0	0	0	0	0	0	0	0	0	2	0	0	1	12	1	0	1	3	10	0	0	0	0	0	0	0	0	0	0
OTU_778	0	0	14	2	0	0	0	0	0	0	0	0	0	0	0	0	0	0	0	0	0	0	0	0	0	1	0	0	3	2	2	7	0	1	4	0	0	0	0	0
OTU_654	0	0	0	0	0	0	0	0	0	0	0	3	0	0	0	5	0	21	0	0	3	0	0	0	0	4	0	0	0	1	0	0	0	0	0	0	0	15	0	0
OTU_884	0	0	0	0	0	0	0	0	0	0	0	0	0	0	0	0	0	0	0	0	2	4	3	2	1	0	3	6	2	1	0	0	0	0	0	0	0	0	0	0
OTU_689	0	0	0	0	0	0	0	0	0	0	0	2	0	0	0	0	0	2	0	0	3	0	5	0	7	7	0	3	1	6	0	0	0	0	0	0	5	2	0	0
OTU_479	0	0	0	0	0	0	0	0	0	0	0	0	0	0	0	0	0	0	0	0	0	0	25	0	0	0	0	52	0	0	0	0	0	0	0	0	0	0	0	0
OTU_588	0	0	2	0	0	0	0	2	0	0	0	1	2	2	0	0	0	0	0	1	0	1	0	4	15	0	0	0	5	22	0	0	0	0	0	0	0	1	0	6
OTU_815	0	0	0	0	0	2	0	0	0	0	0	0	0	0	0	0	0	0	0	0	9	1	2	2	5	13	2	0	2	8	0	0	0	0	0	0	0	0	0	0
OTU_614	0	0	0	0	0	0	0	0	0	0	0	0	0	0	0	0	0	0	0	0	9	2	5	0	4	7	3	19	0	3	0	0	0	0	0	0	0	0	0	0
OTU_509	0	0	0	0	0	0	0	0	0	0	3	90	0	0	0	0	5	0	0	0	0	0	0	0	0	0	0	0	0	0	0	0	0	0	0	0	1	0	0	0
OTU_1189	0	0	0	1	0	0	0	0	0	0	0	0	0	0	0	0	0	0	0	0	1	2	0	0	5	1	0	0	0	6	0	0	0	0	0	0	0	0	0	0
OTU_1002	0	0	0	0	0	0	0	0	2	20	0	0	0	0	0	0	0	0	0	0	0	0	0	0	1	0	0	0	0	0	0	0	0	0	0	0	0	0	0	0
OTU_454	0	0	0	0	0	0	0	0	0	0	0	7	0	0	0	4	1	5	38	0	1	0	0	0	0	0	0	0	2	0	0	0	0	0	0	17	0	19	41	0
OTU_924	0	0	0	0	0	0	0	0	0	0	0	5	0	0	0	0	0	0	0	0	2	0	7	3	0	6	0	7	3	0	0	0	0	0	0	0	0	0	0	0
OTU_600	0	0	0	0	0	0	0	0	0	0	0	0	0	0	0	38	0	0	0	0	0	0	0	0	0	0	0	0	0	0	0	0	0	0	0	55	0	0	0	0
OTU_814	0	0	0	0	0	0	0	0	0	0	2	1	0	0	0	1	0	4	5	2	0	0	0	0	0	0	0	0	0	0	0	0	0	0	0	2	2	8	1	3
OTU_787	0	0	0	0	0	0	0	0	0	0	0	0	0	0	0	0	0	0	0	0	9	0	0	0	0	28	0	0	0	0	0	0	0	0	0	0	0	0	0	0
OTU_560	0	0	0	0	0	0	0	0	0	0	0	0	0	0	0	0	0	0	0	34	0	0	0	0	0	0	0	0	0	0	0	0	0	0	0	0	0	0	0	44
OTU_1014	0	0	0	0	0	0	0	0	0	0	0	0	0	0	0	0	0	0	0	0	0	0	4	0	3	0	0	8	0	9	0	0	0	0	0	0	0	0	0	0
OTU_953	0	0	0	0	0	0	0	0	0	0	0	0	0	0	0	0	0	0	0	0	0	4	0	0	4	0	6	0	2	10	0	0	0	0	0	0	0	0	0	0
OTU_975	0	0	0	0	0	0	0	0	0	0	0	0	3	0	24	0	0	0	0	0	0	0	0	0	0	0	0	0	0	0	0	0	0	0	0	0	0	0	7	0
OTU_1187	0	0	0	0	0	0	0	0	0	0	0	0	0	0	0	0	0	0	0	8	3	0	0	0	0	0	0	0	0	0	0	0	0	0	0	0	0	0	0	6
OTU_848	0	0	0	0	0	0	0	0	0	0	5	4	0	0	0	0	5	1	0	0	1	0	8	0	0	1	0	5	1	0	0	0	0	0	0	0	5	3	0	0
OTU_1016	0	0	1	0	0	0	0	0	0	12	0	0	0	0	1	0	0	0	25	0	0	0	0	0	0	0	0	0	0	0	0	0	0	0	0	0	0	0	22	0
OTU_692	0	0	0	0	0	0	0	0	0	0	0	0	0	0	0	0	0	0	0	0	1	0	0	23	0	1	0	0	20	0	0	0	0	0	0	0	0	0	0	0
OTU_536	0	0	0	0	0	0	0	0	0	0	0	0	0	1	7	46	0	0	0	0	0	0	0	0	0	0	0	0	0	0	0	0	0	0	0	67	0	0	0	0
OTU_725	0	0	0	0	0	0	0	0	0	0	0	0	0	0	0	0	0	0	0	0	4	0	17	3	4	0	0	10	2	8	0	0	0	0	0	0	0	0	0	0
OTU_819	0	0	0	0	0	0	0	0	0	0	0	0	0	0	0	0	0	1	0	0	0	5	4	2	4	0	3	10	2	1	0	1	0	0	0	0	0	1	0	0
OTU_504	0	0	0	0	1	0	0	2	0	0	0	0	0	0	0	0	0	0	0	0	6	1	11	3	6	10	7	15	2	17	0	1	0	1	0	0	1	0	0	0
OTU_950	0	0	0	0	0	0	0	0	0	0	0	0	0	0	0	0	0	0	0	0	6	0	0	2	6	7	1	1	2	2	0	0	0	0	0	0	0	0	0	0
OTU_966	0	0	0	0	0	0	0	0	0	0	0	0	0	0	0	0	0	0	0	0	0	1	8	1	1	0	0	8	1	7	0	0	0	0	0	0	0	0	0	0
OTU_549	0	0	0	1	0	0	0	0	2	2	0	1	0	0	0	0	0	0	0	1	9	0	5	0	7	5	0	18	2	7	0	2	0	0	1	0	2	0	0	2
OTU_970	0	0	0	0	0	0	0	0	0	0	5	0	0	0	0	0	0	0	0	0	2	1	0	0	1	6	0	4	0	0	0	0	0	0	0	0	0	0	0	0
OTU_805	0	0	0	0	0	0	0	0	0	0	0	0	0	0	0	0	0	0	0	0	0	8	8	2	0	1	7	5	1	1	0	0	0	0	0	0	0	0	0	0
OTU_906	0	0	0	0	0	0	0	0	0	0	0	0	0	0	0	0	0	0	0	0	6	1	8	0	2	2	0	16	0	1	0	0	0	0	0	0	0	0	0	0
OTU_1128	0	0	0	0	0	0	0	0	0	0	0	0	0	0	0	0	0	0	0	0	0	4	0	0	5	0	4	0	2	5	0	0	0	0	0	0	0	0	0	0
OTU_699	0	0	0	0	0	0	0	0	0	0	0	0	0	0	0	0	0	0	0	0	1	2	2	4	3	3	1	3	6	6	0	0	0	0	0	0	0	0	0	0
OTU_916	0	0	0	0	0	0	0	0	0	0	0	0	0	0	0	0	0	12	0	0	0	0	0	0	0	0	0	0	0	0	0	0	0	0	0	0	0	14	0	0
OTU_1094	0	0	0	0	0	0	0	0	0	0	0	0	0	0	0	0	0	0	1	0	1	4	3	4	0	0	2	4	6	0	0	0	0	0	0	0	0	0	0	0
OTU_1055	0	0	0	0	0	0	0	0	0	0	0	0	0	0	0	0	0	0	0	0	0	6	0	0	0	0	13	0	0	0	0	0	0	0	0	0	0	0	0	0
OTU_897	0	0	0	0	0	0	0	0	0	0	0	0	26	0	1	0	0	1	0	0	0	0	0	0	0	0	0	0	0	0	0	0	0	0	0	0	0	0	0	0
OTU_1154	0	0	0	0	0	0	0	0	0	0	0	0	0	0	0	0	0	0	0	0	2	0	1	1	8	0	0	3	0	2	0	0	0	0	0	0	0	0	0	0
OTU_776	0	0	0	0	0	0	0	0	0	0	0	0	0	0	0	0	0	0	0	0	4	0	1	13	0	2	0	0	14	1	0	0	0	0	0	0	0	0	0	0
OTU_602	0	0	0	0	0	0	0	0	0	0	6	1	0	0	0	0	0	0	0	23	1	1	1	1	0	0	0	0	0	2	0	0	0	0	0	0	1	0	0	32
OTU_1105	0	0	0	0	0	0	0	0	0	1	8	4	0	0	0	0	0	0	0	7	0	0	0	0	0	0	0	0	0	0	0	2	0	0	0	0	0	0	0	6
OTU_1136	0	0	0	0	0	0	0	0	0	0	0	0	0	0	0	0	0	0	0	0	0	0	0	3	7	0	1	0	1	4	0	0	0	0	0	0	0	0	0	0
OTU_979	0	0	0	0	0	0	0	0	0	0	0	0	0	0	0	0	0	0	0	0	0	0	10	0	0	0	0	9	0	3	0	0	0	0	0	0	0	0	0	0
OTU_1190	0	0	0	0	0	0	0	0	0	0	0	0	0	0	0	0	0	0	0	0	1	1	1	1	0	0	3	5	0	0	0	0	0	0	0	0	0	0	0	0
OTU_470	0	0	0	0	0	0	0	0	0	0	0	0	0	0	0	0	0	1	0	1	1	0	18	28	2	1	3	5	19	0	0	0	0	0	0	0	0	0	0	0
OTU_865	0	0	0	0	0	0	0	0	0	0	0	0	0	0	0	0	0	0	0	0	0	0	2	0	16	0	0	2	0	6	0	0	0	0	0	0	0	0	0	0
OTU_952	0	0	0	0	0	0	5	0	0	0	0	0	0	0	0	0	0	0	0	0	0	0	0	4	0	0	0	0	5	0	0	0	0	5	0	2	0	0	0	0
OTU_1182	0	0	0	0	0	0	0	0	0	0	0	1	0	7	0	0	0	0	3	0	0	0	0	0	0	0	0	0	0	1	0	0	0	0	0	4	0	2	0	0
OTU_1049	0	0	0	0	0	0	0	1	0	0	0	0	0	0	0	0	0	2	0	1	2	1	1	1	3	0	2	1	0	1	0	0	0	0	0	0	0	1	0	5
OTU_788	0	0	0	0	0	0	0	0	0	0	0	0	0	0	0	0	0	0	0	0	0	2	16	4	1	1	2	11	6	1	0	0	0	0	0	0	0	0	0	0
OTU_1115	0	0	0	0	0	0	0	0	0	0	0	0	0	0	0	0	0	0	0	0	0	0	5	3	4	0	2	4	0	4	0	0	0	0	0	0	0	0	0	0
OTU_1160	0	0	0	0	0	0	0	0	0	0	0	17	0	0	0	0	0	2	0	0	0	0	0	0	0	0	0	0	0	0	0	0	0	0	0	0	0	1	0	0
OTU_826	0	0	0	0	0	0	0	0	0	0	0	0	0	0	0	0	0	0	0	0	3	0	7	1	9	4	0	6	5	10	0	0	0	0	0	0	0	0	0	0
OTU_951	0	0	0	2	0	0	0	0	0	0	0	0	0	0	0	0	0	0	0	0	0	0	0	10	1	0	0	5	9	7	0	3	0	0	0	0	0	0	0	0
OTU_1080	0	0	0	0	0	0	0	0	0	0	0	0	0	0	1	0	0	0	0	5	0	0	0	0	0	0	0	0	0	0	0	0	0	0	0	10	1	2	0	6
OTU_1078	0	8	5	0	0	0	0	0	0	0	0	0	0	0	0	0	0	0	0	0	0	0	0	0	0	0	0	0	0	0	0	1	0	0	0	0	0	0	0	0
OTU_1005	0	0	0	0	0	0	0	0	0	0	0	0	0	0	0	0	0	0	0	0	0	0	7	1	0	0	0	15	0	0	0	0	0	0	0	0	0	0	0	0
OTU_1101	0	0	0	0	0	0	0	0	0	0	0	0	0	0	0	0	0	0	0	0	2	0	4	0	2	1	0	3	0	10	0	0	0	0	0	0	0	0	0	0
OTU_1015	0	0	0	0	0	0	0	0	0	0	0	0	0	0	0	0	0	0	0	0	0	0	1	3	0	3	3	3	8	2	0	0	0	0	0	0	0	0	0	0
OTU_712	0	0	0	0	0	0	0	0	0	0	0	0	0	0	0	0	0	0	0	0	0	3	26	0	0	0	1	22	0	0	0	0	0	0	0	0	0	0	0	0
OTU_1148	0	2	0	0	0	0	0	0	0	0	0	0	0	0	0	0	0	0	0	0	6	0	0	3	0	2	0	0	2	0	0	0	0	0	0	0	0	0	0	0
OTU_1134	0	0	0	0	0	0	0	0	0	0	0	0	0	0	0	0	0	2	0	0	0	0	3	1	2	0	0	5	1	3	0	0	0	0	0	0	0	0	0	0
OTU_875	0	0	0	0	2	0	0	0	0	0	0	0	0	0	0	0	0	0	0	0	3	3	5	5	1	4	11	12	1	14	0	0	5	0	0	0	0	0	0	0
OTU_1009	0	0	0	0	0	0	0	0	0	0	0	0	0	0	0	0	0	0	0	0	0	0	6	7	1	1	9	4	6	0	0	0	0	0	0	0	0	0	0	0
OTU_800	0	0	0	0	0	0	0	0	0	0	0	5	0	0	0	0	0	1	0	0	3	0	0	0	8	2	0	0	0	16	0	0	0	0	0	0	0	0	0	0
OTU_748	0	0	0	0	0	0	0	0	0	0	2	0	0	0	0	0	2	0	0	18	0	3	0	0	0	0	0	0	0	3	0	0	0	0	0	0	3	0	0	21
OTU_665	0	1	0	0	0	0	5	0	8	0	0	0	0	0	0	0	0	0	0	0	8	0	0	2	0	3	0	1	2	0	0	0	0	3	15	0	0	0	0	0
OTU_1077	0	0	0	0	0	0	0	0	0	0	0	0	0	0	0	0	0	0	0	0	0	0	4	9	0	0	1	7	2	0	0	0	0	0	0	0	0	0	0	0
OTU_1064	0	0	0	0	0	0	0	0	0	0	0	0	0	0	0	0	1	0	0	0	0	1	10	2	0	0	1	13	1	0	0	0	0	0	0	0	2	0	0	1
OTU_1149	0	0	0	0	0	0	0	0	0	0	0	0	0	0	0	0	0	0	0	0	0	0	5	1	3	0	0	12	1	0	0	0	0	0	0	0	0	0	0	0
OTU_1079	0	0	0	0	0	0	0	0	0	0	0	0	0	0	0	0	0	0	0	0	0	2	1	0	0	1	0	5	2	8	0	0	0	0	0	0	0	0	0	0
OTU_895	0	0	0	0	0	0	0	0	0	0	0	0	0	0	0	0	0	0	3	0	0	0	2	4	1	0	0	1	3	0	0	0	0	0	1	0	0	0	5	6
OTU_960	0	0	0	0	0	0	0	0	0	0	0	0	0	0	0	0	0	0	3	0	0	8	0	0	0	0	6	0	0	0	0	0	0	0	0	0	0	0	14	0
OTU_1063	0	0	0	0	0	0	0	0	0	0	0	0	0	0	0	0	0	0	0	0	7	3	14	12	7	6	1	17	14	1	0	0	0	0	0	2	0	0	0	0
OTU_1052	0	0	0	0	0	0	0	0	0	0	0	0	0	0	0	0	0	0	0	0	0	0	10	0	0	4	0	8	0	0	0	0	0	0	0	0	0	0	0	0
OTU_1071	0	0	0	0	0	0	0	0	0	0	0	0	0	0	0	0	0	0	0	0	0	0	4	1	1	0	0	14	1	0	0	0	0	0	0	0	0	0	0	0
OTU_1091	0	0	0	0	0	0	0	0	0	0	0	0	0	0	0	0	0	0	0	0	3	0	5	0	0	2	0	5	0	2	0	0	0	0	0	0	0	0	0	0
OTU_1165	0	0	0	0	0	0	0	0	0	0	0	0	0	0	0	0	0	0	0	0	2	0	4	0	1	0	0	6	4	1	0	0	0	0	0	0	0	0	0	0
OTU_1097	0	0	0	0	0	0	0	0	0	0	0	0	0	0	0	0	0	0	0	0	1	0	3	0	1	6	1	0	5	1	0	0	0	0	0	0	0	0	0	0
OTU_983	0	0	0	0	0	0	0	0	0	0	0	0	0	0	0	0	0	0	0	0	0	1	5	5	6	0	0	12	2	0	0	0	0	0	0	0	0	0	0	0
OTU_956	0	0	0	0	0	0	0	0	0	0	0	0	0	0	16	0	0	0	1	0	0	0	0	0	0	0	0	0	0	0	0	0	0	0	0	0	0	0	15	0
OTU_1210	0	0	0	0	0	0	0	0	1	0	0	0	0	0	0	0	0	0	0	0	0	2	0	0	0	0	1	0	0	0	0	0	4	0	2	0	0	0	0	0
OTU_804	0	0	0	0	0	0	0	0	0	0	0	0	0	0	3	0	0	3	1	2	3	4	4	4	1	1	12	0	0	1	0	0	0	0	0	1	0	4	0	0
OTU_1164	0	0	0	0	0	0	0	0	0	0	0	0	0	0	0	0	0	0	0	0	0	4	6	0	0	2	3	5	0	0	0	0	0	0	0	0	0	0	0	0
OTU_1001	0	0	0	0	0	0	0	0	0	0	0	0	0	0	0	0	0	0	0	0	0	4	0	0	6	2	3	2	1	4	0	0	0	0	0	0	0	0	0	0
OTU_1213	0	0	0	0	0	0	0	0	0	0	0	0	0	0	0	0	0	0	0	0	0	4	5	0	0	1	2	2	0	0	0	0	0	0	0	0	0	0	0	0
OTU_1150	0	0	0	0	0	0	0	0	0	0	0	0	0	0	0	0	0	0	0	0	0	0	0	8	2	0	0	0	4	4	0	0	0	0	0	0	0	0	0	0
OTU_1068	0	0	0	0	0	0	0	0	0	0	0	0	0	0	0	0	0	0	0	2	0	0	13	0	0	0	0	3	0	0	0	0	0	0	0	0	0	0	0	0
OTU_1132	0	0	0	0	0	0	0	0	0	0	0	0	0	0	0	0	0	0	0	0	12	0	0	0	0	10	0	0	0	0	0	0	0	0	0	0	0	0	0	0
OTU_905	0	0	0	0	0	0	0	0	0	0	0	0	0	0	0	0	0	0	0	0	0	0	1	10	1	0	0	0	10	2	0	0	0	0	0	0	0	0	0	0
OTU_1153	0	0	1	0	0	0	0	0	0	0	3	0	0	0	0	0	0	1	0	0	1	0	0	1	6	2	0	1	0	2	0	0	0	0	0	0	0	1	0	0
OTU_861	0	0	0	0	0	0	0	0	0	0	0	0	0	0	0	0	0	0	0	7	8	0	11	0	0	3	0	11	0	0	0	0	0	0	0	0	0	0	0	14
OTU_980	0	0	0	0	0	0	0	0	0	0	0	0	0	0	3	0	0	0	0	0	5	1	0	0	0	4	1	0	0	0	0	0	0	0	0	0	0	0	2	2
OTU_1087	0	0	0	0	0	0	0	0	1	0	0	0	0	0	0	0	0	0	0	0	1	0	4	2	1	1	0	5	1	2	0	0	0	0	2	0	0	0	0	0
OTU_1175	0	0	0	0	0	0	0	0	0	0	0	0	0	0	2	0	0	2	0	1	2	0	1	0	7	0	0	0	0	0	0	0	0	0	0	5	0	3	0	1
OTU_1142	0	0	0	0	0	0	0	0	0	2	0	0	0	0	0	0	0	0	0	0	0	0	0	8	0	0	0	0	10	0	0	0	0	0	0	0	0	0	0	0
OTU_1188	0	0	0	0	0	0	0	0	0	0	0	7	0	0	0	0	0	0	9	0	1	0	0	0	1	1	0	0	0	0	0	0	0	0	0	0	0	0	0	0
OTU_1099	0	0	0	0	0	0	0	0	0	0	0	0	0	0	0	0	0	0	0	0	0	9	0	0	0	0	7	0	0	0	0	0	0	0	0	0	0	0	0	0
OTU_1113	0	0	0	0	0	0	0	0	0	0	0	0	0	0	0	1	0	0	0	0	0	0	2	0	0	0	0	11	0	0	0	0	0	0	0	1	0	0	0	2
OTU_1137	0	0	0	0	0	0	0	0	0	0	0	0	0	0	0	0	0	0	0	0	0	0	2	0	4	0	2	6	0	3	0	0	0	0	0	0	0	0	0	0
OTU_1198	0	0	0	0	0	0	0	0	0	0	0	0	0	0	0	0	0	0	0	0	0	0	0	8	0	0	0	0	9	0	0	0	0	0	0	0	0	0	0	0
OTU_1046	0	0	0	0	0	0	0	1	0	0	0	1	0	0	0	0	0	0	0	0	0	5	6	2	2	0	4	3	1	2	0	0	0	0	0	0	0	0	0	0
OTU_999	0	0	0	1	0	0	0	0	0	0	0	0	0	0	0	0	0	0	0	0	6	0	0	0	3	9	0	3	0	2	0	0	0	0	0	0	0	0	0	0
