TAH6	TAD7	TAE0H7	TAH10	TAH8	TAE0BS2	TAE0BS5	TAE0D4	TAD8	TAH5	TAH1	TABS3	TAE0BS1	TABS4	TAH4	TAE0D9	TAH2	TAD5	TAD3	TAE0H6	TAH7	TAD6	TAE0D7	TAE0H10	TAE0H8	TAE0D5	TAE0D1	TAH3	TABS5	TAD9	TAD2	TAE0H9	TAH9	TAE0BS4	TAE0BS3	TABS2	TAD10	TAD1	TAD4	TABS1
OTU_1	15473	3107	1	8608	4366	12	0	0	4222	16103	16041	7959	1	4866	16659	3	3819	14800	8331	0	11043	8240	1	0	0	0	0	12123	7503	7636	4179	0	18954	0	1	4104	9593	21997	6291	3580
OTU_6	0	9176	1	224	9	54	7	810	1393	0	11	4	0	6	0	2762	1	4	6	0	1	3202	10013	330	18	6	756	0	8	2182	171	1	1	1	4	54	275	344	620	0
OTU_25	1	0	6103	283	0	0	0	0	0	0	21	0	12	0	0	0	743	0	58	3	4447	22	0	378	0	0	0	0	0	1	3	0	1	0	1	0	890	0	0	7
OTU_11	601	16	218	455	3993	272	193	37	12	222	405	215	648	668	317	49	1856	143	16	939	135	120	25	587	4504	289	65	49	143	38	32	2057	894	810	352	234	45	29	52	717
OTU_129	51	7	6	30	83	216	13	42	13	52	23	19	86	184	3	32	3	12	69	112	5	6	3	29	74	7	78	28	17	11	46	41	25	199	22	205	291	22	38	95
OTU_678	4	2	138	436	16	374	332	10	8	0	77	177	629	211	1	5	29	2	6	6	89	3	0	608	17	3	7	0	303	3	14	3	0	229	275	340	9	3	4	559
OTU_3	544	10538	1763	5008	364	20	92	5741	13990	127	3219	42	30	56	2274	9536	352	2341	12042	1053	1184	7184	10862	6046	336	3837	7597	2075	73	7468	10449	132	74	52	37	16	5557	3085	4630	35
OTU_31	20	94	319	213	25	117	295	137	138	4	392	68	680	82	19	154	90	97	42	25	243	37	86	318	32	159	7032	1	237	135	151	15	1	98	96	122	70	2937	116	510
OTU_248	30	0	0	22	6	7	1	0	0	25	0	5	10	1	1	1	29	0	0	56	0	0	6	24	9	0	0	0	2	0	0	351	174	1	11	3	1	0	0	7
OTU_103	3	1	376	15	7	24	243	6	3	6	18	46	122	19	16	0	12	40	2	3	280	0	0	23	6	101	4	4	208	0	3	0	0	32	85	14	4	7	0	78
OTU_47	0	151	0	14	6	0	0	2	0	0	2263	0	177	2802	0	0	0	3	1	0	0	0	168	21	2	0	0	0	1	0	60	0	0	3121	0	0	12	0	4	140
OTU_10	0	331	58	39	0	137	0	4253	4895	1	120	268	12	0	5	77	0	34	3801	3	67	0	335	52	0	119	64	0	0	55	93	0	0	2	325	81	4	27	3410	5
OTU_8	21	1526	30	15	1	30	110	5336	3789	0	12	0	0	8	11	205	2	4922	185	90	13	30	1867	21	3	7341	501	1	107	155	1341	18	2	8	0	14	280	196	4622	0
OTU_5	482	238	1921	861	12712	142	36	265	55	150	1410	177	134	145	264	158	10317	135	209	881	1294	384	256	1253	13838	209	767	52	21	137	100	487	283	172	198	147	293	297	221	111
OTU_9	228	86	11605	503	427	294	294	782	116	54	121	427	916	375	84	834	174	550	207	302	9099	695	72	608	432	733	1589	41	222	661	228	174	89	355	474	302	137	572	711	924
OTU_41	378	405	29	342	68	13	35	6	613	10	255	29	15	17	70	3	111	0	80	723	7	3	460	469	99	2	0	2631	30	7	108	16	5	18	40	17	19	0	9	6
OTU_4	374	554	125	94	1902	10	0	9066	1154	353	54	31	30	62	565	6836	275	4488	3642	617	98	6172	635	143	2142	7080	1234	1376	2	5772	9523	692	390	94	19	12	7113	533	8022	24
OTU_162	0	2	0	0	0	60	341	2	0	0	3	99	58	103	0	3	0	3	1	0	0	0	1	1	1	18	4	3	281	0	2	0	0	139	134	50	0	0	3	45
OTU_22	8	16	85	247	20	1426	1511	28	52	11	104	868	2526	746	8	13	40	18	11	34	58	6	35	391	34	34	46	2	1339	9	33	21	11	745	1143	1394	11	19	20	2273
OTU_67	12	0	24	21	68	4	29	0	0	7	67	22	14	28	98	6	3573	0	0	15	14	1	0	20	71	0	0	3	24	9	0	9	2	37	22	6	0	0	0	6
OTU_1184	0	0	1	0	0	0	0	0	0	0	15	2	0	0	0	0	1	0	0	3	0	0	0	2	0	0	0	0	0	0	0	0	0	2	3	0	0	0	0	0
OTU_55	15	1	364	45	6	559	657	33	1	2	12	371	455	513	0	8	53	13	0	32	285	0	3	55	7	13	0	0	502	6	2	9	2	533	477	498	5	0	19	401
OTU_68	0	0	1409	0	0	1	0	0	0	0	17	4	2966	0	0	3	345	0	0	0	928	0	0	0	2	0	0	0	3	0	0	0	0	0	0	0	0	0	0	2732
OTU_13	6194	0	0	1277	713	1	32	2	0	870	3	0	0	0	1630	0	78	0	18	9757	0	0	0	1583	852	0	0	9423	22	0	0	543	300	0	0	0	0	0	0	0
OTU_62	388	198	19	114	126	0	0	229	350	154	15	0	6	1	17	267	50	61	54	650	7	417	235	142	110	97	17	22	0	215	426	789	374	0	0	0	0	0	190	2
OTU_24	8	12	117	149	3161	19	13	8	4	9	375	89	19	11	11	2	2489	38	3	22	69	299	4	183	3491	75	40	1	13	1	2	33	19	12	133	17	19	5	7	36
OTU_64	0	0	0	0	1	0	0	1	0	0	1	0	1	3	0	1619	80	1	0	0	0	0	0	0	2	0	0	0	0	1351	7	0	0	3	0	0	0	0	0	0
OTU_46	232	1	27	195	2	531	2497	19	5	13	20	387	956	938	7	13	51	13	14	312	23	19	0	217	5	24	0	22	1984	11	9	12	8	1097	533	443	2	0	7	777
OTU_133	9	4	0	3	1	10	163	0	176	1	1	67	333	27	12	9	1	3	1	13	0	8	6	13	0	2	0	0	94	5	1	6	0	13	58	6	296	1	0	301
OTU_20	29	2646	454	183	91	0	48	179	2099	4	68	7	7	2	101	456	52	61	700	30	310	231	2850	221	97	89	807	0	34	434	665	1	0	0	5	2	192	340	175	5
OTU_219	0	3	4	0	0	6	21	2	4	0	44	6	108	31	0	1	0	0	4	0	0	0	1	1	0	0	37	0	16	4	2	0	0	38	6	7	0	12	4	103
OTU_35	2	31	25	340	20	3125	442	121	61	1	131	371	409	506	11	30	31	473	57	2	18	135	30	352	9	831	213	20	403	18	66	5	7	565	505	3024	128	174	86	369
OTU_138	14	0	0	8	2	1	4	0	0	39	1	26	0	0	27	0	10	0	0	39	0	0	0	10	4	0	0	180	5	0	29	734	345	0	54	0	0	0	0	0
OTU_15	361	639	179	259	2	0	1	18	741	220	147	0	0	1	727	2408	65	40	116	587	134	277	790	251	9	50	2345	94	7	2012	1004	256	116	0	0	0	185	1027	19	0
OTU_39	1	54	1587	3022	0	1	161	116	57	1	1200	686	65	277	1	15	179	3	3	0	947	0	72	4178	0	18	19	0	139	5	47	0	13	311	831	0	4	7	82	68
OTU_301	0	0	9	2	0	18	12	1	5	0	1	18	6	37	0	0	1	0	0	0	6	0	0	1	0	0	0	0	11	0	0	0	0	31	21	6	0	0	1	10
OTU_78	15	21	8	22	8	242	770	9	7	0	14	729	967	311	0	5	14	0	7	15	5	20	21	13	7	1	3	0	640	9	6	0	4	360	1000	223	0	0	8	945
OTU_648	0	0	0	0	0	3	6	0	0	0	0	11	4	1	0	0	0	0	0	1	0	0	0	1	0	0	0	0	2	0	0	0	0	1	9	4	0	0	0	3
OTU_65	7	998	143	110	218	65	111	176	112	5	146	29	33	51	13	191	204	19	121	9	86	97	1092	137	242	29	234	224	71	193	61	5	7	59	54	52	234	107	132	30
OTU_30	269	4	27	1031	15	140	254	13	13	967	591	422	338	1439	3	76	7	0	98	406	14	0	1	1185	17	5	0	11	177	64	16	300	194	1590	613	124	46	0	10	330
OTU_63	68	0	7	134	472	28	0	0	0	2189	9	8	36	13	274	0	140	2	0	119	3	0	0	188	494	3	0	822	4	0	0	698	357	13	8	19	0	0	0	23
OTU_61	0	1	0	895	0	0	0	0	1	0	662	0	1	0	0	1	0	0	128	0	0	1	0	1073	0	0	0	0	0	5	0	0	5	0	0	0	3989	0	0	1
OTU_69	10	12	5	28	9	187	164	34	6	103	17	124	67	93	10	281	63	32	435	5	2	968	6	40	11	43	34	34	143	197	22	336	152	85	162	128	350	35	13	46
OTU_18	0	1008	50	5	12	55	14	0	1163	20	0	5	1259	3	4	2452	3	1	0	0	29	2	1027	9	7	3	6	1	23	2013	968	8	0	5	3	34	0	2	1	1130
OTU_7	1168	2259	10	440	10	0	222	3102	1213	15	157	1	0	0	2	382	6	6770	276	1803	0	221	2472	467	21	10280	3965	2	144	270	43	262	147	0	4	2	2135	2021	2552	1
OTU_690	0	0	12	0	0	0	0	0	0	0	8	4	3	11	0	0	9	0	0	0	10	0	0	0	0	0	0	0	0	0	0	0	0	14	13	0	0	0	0	3
OTU_12	1120	1264	191	571	1111	145	189	1436	264	4170	169	178	91	149	716	471	430	51	2161	1805	104	258	1286	745	1223	175	421	1093	168	405	114	5740	3022	181	181	138	1197	234	1140	96
OTU_37	0	0	0	0	0	2739	0	0	0	0	0	0	0	950	0	0	0	0	0	0	0	0	0	0	0	0	0	0	0	0	0	0	0	1270	1	2536	0	0	0	0
OTU_502	0	0	0	0	0	0	49	0	0	0	0	4	4	0	0	0	0	0	0	0	0	0	0	0	0	0	0	0	40	0	0	0	0	0	0	0	0	0	0	2
OTU_14	153	1203	135	173	450	252	135	45	505	218	36	104	34	52	982	207	113	44	567	191	108	2397	1294	247	492	111	222	791	94	162	214	295	182	68	130	207	521	99	37	28
OTU_423	0	0	0	0	0	43	30	0	0	0	0	23	2	12	0	0	0	0	0	0	0	0	0	0	0	0	0	0	32	0	0	0	0	19	33	23	0	0	0	2
OTU_292	28	0	1	75	17	3	4	0	0	1896	4	0	2	0	1998	0	18	0	0	35	0	0	0	71	19	0	0	1318	5	0	23	11122	6296	0	3	6	0	0	0	1
OTU_38	58	25	2125	858	321	21	88	22	17	32	2228	71	42	197	135	51	649	24	7	116	1465	1	39	1190	338	53	103	3	54	33	1	28	8	242	95	30	70	27	19	36
OTU_152	0	0	1	1	0	41	64	6	0	0	0	4	174	101	0	0	8	0	2	0	0	0	0	0	1	0	0	0	54	0	0	0	0	87	7	21	0	0	6	129
OTU_169	0	0	1	4	1	93	84	5	26	2	3	116	193	47	0	26	1	5	4	0	1	0	4	9	2	2	4	0	72	44	1	0	0	44	161	81	0	6	2	177
OTU_81	0	685	24	240	0	319	12	26	85	0	393	10	37	13	1	80	2	9	235	2	11	112	748	363	0	45	130	1	3	55	25	0	0	8	27	282	67	81	15	30
OTU_83	9	267	86	27	26	274	277	186	122	15	87	252	310	719	75	142	66	20	71	4	48	119	310	41	27	19	176	179	297	124	756	17	4	865	306	267	255	71	138	268
OTU_407	0	2	6	0	0	0	1	0	2	0	26	0	22	0	0	24	0	1	0	0	2	0	3	1	0	5	0	0	0	15	0	28	9	0	2	1	0	0	2	15
OTU_86	0	0	654	6	1	8	94	106	0	0	195	96	63	14	0	3	4	4	22	0	512	0	0	2	0	3	0	0	73	0	1	0	0	26	95	3	0	0	94	61
OTU_17	49	57	50	268	350	79	131	4852	13	22	103	113	66	131	230	235	72	272	181	141	38	443	93	346	341	438	432	9	137	220	102	81	17	150	144	88	130	186	4242	63
OTU_42	3137	17	57	661	17	70	105	0	0	962	58	184	49	123	183	0	31	0	9	4731	39	0	20	809	17	1	0	19	87	0	0	4	9	132	254	63	0	0	0	39
OTU_60	0	0	1	1	0	0	2139	0	0	0	9	0	1	7	0	0	4	0	0	0	0	0	0	0	0	0	0	0	1774	0	0	0	0	4	0	0	0	0	0	4
OTU_51	24	0	1	24	7	782	637	1	0	493	8	299	598	194	135	0	427	0	6	21	3	0	0	36	5	0	0	86	531	0	1	230	133	213	450	641	2	0	2	499
OTU_163	5	3	21	12	0	44	79	1	1	0	8	35	101	19	0	0	152	0	0	0	22	0	0	4	1	0	2	0	71	1	2	0	0	20	62	37	0	0	0	108
OTU_70	0	0	0	0	0	1738	0	0	0	0	0	0	0	0	0	0	0	0	0	0	0	0	0	0	0	0	0	0	0	0	0	0	0	0	0	1663	0	0	0	0
OTU_49	12	0	0	5	0	0	0	0	0	3	0	3	0	0	7324	0	2	0	0	8	0	0	0	3	2	0	0	12	0	0	0	0	0	0	1	0	0	0	0	0
OTU_23	10	25	14	76	17	2986	1003	47	23	10	50	1255	236	707	10	6	7	11	3	23	10	0	32	115	25	29	14	1	847	1	7	1	1	832	1477	2727	0	4	28	264
OTU_82	108	0	6	9	219	66	24	0	1	48	8	334	61	75	2	0	7	0	11	135	5	0	0	16	240	0	0	1	17	0	0	310	163	83	391	60	0	0	0	55
OTU_77	324	3	0	1085	277	6	1	11	6	328	8	3	0	1	33	101	78	24	437	523	1	1241	3	1313	349	29	238	3	2	80	30	432	289	2	1	11	268	120	18	0
OTU_76	0	1	84	10	0	63	337	19	6	0	7	176	329	297	0	141	22	2	0	3	44	0	1	13	0	1	1	0	220	120	4	1	0	357	213	56	0	0	10	387
OTU_44	26	3	7	26	4	565	395	30	3	3	24	629	665	884	6	16	8	12	0	51	2	0	7	36	0	31	8	0	332	11	6	12	8	1126	828	480	2	4	13	604
OTU_57	0	1	3	3	0	354	17	3	5	0	17	43	2008	74	1	39	23	8	48	0	0	1	1	1	0	10	0	0	21	24	2	0	0	99	44	285	67	0	2	1874
OTU_32	911	10	2	69	2136	54	59	40	100	423	31	60	60	85	28	16	466	6	7	1706	1	2	22	74	2572	23	0	13	55	9	16	684	248	98	94	39	15	2	41	63
OTU_53	23	122	7	527	77	5	14	222	105	1	183	10	6	9	13	135	95	145	429	29	11	755	165	709	91	276	7	11	23	112	605	0	0	8	12	4	153	1	194	0
OTU_50	0	7	10	202	25	1564	747	10	1	5	84	289	176	359	15	2	12	2	2	1	8	0	5	203	30	5	11	1	626	1	6	4	0	345	325	1439	1	1	11	124
OTU_812	0	0	0	0	15	0	0	0	0	8	0	0	0	0	0	0	1	0	0	0	0	0	0	2	13	0	0	2	0	0	0	27	10	0	0	0	0	0	0	0
OTU_36	85	690	141	536	25	0	0	121	245	2	219	0	0	0	1018	151	80	114	59	187	105	280	717	732	31	150	4977	842	0	128	125	13	5	0	0	0	184	3143	141	0
OTU_58	0	50	1	1	0	468	268	109	10	1	2	18	23	25	0	600	4	25	469	0	1	35	59	0	0	65	259	0	189	485	329	3	1	34	36	422	254	68	104	16
OTU_313	0	0	6	33	0	0	49	2	0	1	45	38	42	19	0	0	19	0	0	0	7	0	0	41	0	0	0	0	45	0	0	0	0	20	37	0	1	0	1	38
OTU_40	656	8	15	159	336	188	71	6	13	718	2208	24	166	1554	167	5	2265	125	19	1083	12	1	7	219	418	196	6	416	66	3	58	587	267	1706	32	141	17	0	3	159
OTU_396	5	11	0	13	26	6	0	3	13	2	79	8	15	0	2	7	23	3	0	37	0	0	16	22	28	14	3	1	0	1	32	1	0	0	15	4	0	1	4	16
OTU_374	0	0	0	0	0	8	72	0	0	0	3	13	3	3	0	0	3	0	0	0	1	0	0	1	0	0	0	0	50	0	0	0	0	3	19	5	0	0	0	4
OTU_467	5	7	3	16	3	53	78	10	4	7	5	141	88	725	4	19	2	0	0	11	2	1	2	22	1	0	2	0	65	10	12	3	0	825	166	44	3	2	16	68
OTU_563	0	0	1	0	0	0	0	0	0	13	7	0	7	9	0	0	0	0	0	0	0	0	0	0	0	0	0	0	0	0	0	14	29	6	0	0	0	0	0	4
OTU_71	0	1	1	338	0	189	461	0	0	1	60	330	105	191	0	2	5	0	0	0	3	0	0	412	0	3	0	0	344	1	0	0	1	249	456	160	0	0	1	97
OTU_26	36	2	13	14	0	454	630	66	4	0	27	2343	1867	383	0	6	11	1	16	45	9	0	3	13	1	8	20	0	533	6	4	0	0	409	2675	432	2	6	41	1712
OTU_177	0	0	3	0	1	30	144	0	0	0	0	46	47	49	0	0	0	0	0	0	1	0	0	2	0	0	6	0	128	0	0	0	0	42	64	26	0	0	0	43
OTU_16	7	665	1	0	17	11	12	395	200	4	0	45	5	20	0	2404	5	24	1041	0	0	444	796	0	25	35	956	0	18	1958	3082	4	0	9	58	14	809	307	311	9
OTU_34	629	34	56	221	119	882	783	40	18	123	41	1137	1265	844	27	359	57	35	30	949	53	7	28	340	135	71	207	9	578	283	23	355	241	1003	1364	794	152	112	33	1159
OTU_92	43	3	5	7	2	68	127	15	24	30	7	67	402	258	29	29	4	4	27	70	10	7	0	9	0	0	6	24	109	11	2	27	11	276	72	54	27	2	13	351
OTU_122	2	1	0	0	14	140	103	0	0	45	2	96	52	46	0	7	0	0	1	1	0	0	0	9	15	0	0	0	90	9	9	4	0	33	153	117	0	2	0	49
OTU_109	0	0	757	142	0	0	0	0	0	0	68	0	0	0	99	0	177	0	0	0	561	0	0	191	2	0	3	13	2	0	0	0	0	0	0	0	0	0	0	0
OTU_74	0	0	3622	0	0	0	0	0	0	0	0	0	0	0	0	0	0	0	0	2	2768	0	0	0	0	1	0	0	0	0	0	0	0	0	0	0	0	0	0	0
OTU_132	0	0	3	0	45	0	25	0	0	1	19	0	6	13	0	0	1120	3	0	0	0	0	0	0	34	0	7	0	19	0	0	0	0	6	0	0	0	0	0	13
OTU_93	0	2	6	13	0	480	78	1	16	0	17	328	67	31	0	1	16	0	0	0	2	0	3	12	0	6	0	0	42	1	0	0	0	33	425	457	0	4	2	78
OTU_272	0	1	0	0	0	37	36	2	4	0	4	6	3	16	0	1	0	0	0	0	2	0	3	2	0	10	0	0	27	0	0	0	0	8	8	20	0	0	2	1
OTU_282	1	2	6	5	0	10	77	10	1	0	7	18	49	55	0	2	9	0	0	2	3	0	1	11	0	0	0	0	39	0	2	5	0	47	25	11	0	0	5	57
OTU_193	0	0	0	0	0	199	2	0	1	0	0	1	52	527	0	19	0	0	0	0	0	0	0	0	0	0	0	0	5	7	0	0	0	590	3	165	6	0	0	41
OTU_28	49	2	76	15	0	321	1199	2	2	2	16	1576	943	555	5	5	13	3	1	52	43	0	2	13	3	4	11	4	1096	6	4	0	0	642	1918	233	3	15	5	862
OTU_85	1	0	3	6	0	168	656	0	2	0	0	321	197	232	0	218	0	0	1	1	0	0	1	2	1	0	0	0	565	156	1	0	0	257	347	126	0	0	0	198
OTU_88	187	3	1	17	7	290	748	0	4	7	9	233	228	308	7	87	8	3	12	371	1	603	3	12	3	16	24	31	497	62	70	19	2	301	324	219	42	14	0	186
OTU_275	0	0	0	2	0	13	25	0	0	0	0	24	39	10	5	8	0	3	0	0	0	0	0	1	0	0	0	0	12	1	1	0	0	3	32	17	12	0	0	31
OTU_119	11	0	2	6	7	50	85	4	0	1	1	187	116	42	0	1	7	3	3	68	3	0	0	5	11	10	0	1	57	0	3	2	0	56	257	25	2	0	2	90
OTU_33	0	2	0	11	1	3703	164	0	1	0	2	8	11	28	0	3	1	0	0	0	1	1	1	11	0	0	0	0	97	1	13	0	0	37	26	3396	0	4	0	10
OTU_249	0	0	0	0	1	4	56	0	0	0	0	24	21	15	0	0	0	0	0	0	0	0	0	0	0	0	0	0	61	0	0	0	0	19	44	4	0	0	0	22
OTU_772	0	0	0	0	0	0	0	0	0	0	0	1	17	0	0	0	0	0	0	0	0	0	0	0	0	0	0	0	3	0	0	0	0	0	7	0	0	0	0	11
OTU_765	0	0	0	0	14	0	0	0	0	0	0	0	0	0	0	0	2	0	1	0	0	1	0	0	22	0	0	0	0	0	0	0	0	0	0	0	0	0	0	0
OTU_192	0	0	0	0	5	1	45	0	0	0	0	117	31	200	0	0	1	0	0	0	2	0	0	1	2	0	0	1	21	0	0	0	0	201	143	3	0	0	0	23
OTU_95	6	0	0	2	70	4	71	0	0	867	0	13	0	8	3	0	0	0	0	11	0	0	0	0	62	0	0	37	59	0	0	1494	677	24	8	9	0	0	0	0
OTU_233	0	0	0	0	6	13	10	2	0	0	2	54	15	40	0	0	0	1	0	0	0	0	0	1	8	0	0	0	11	0	1	0	0	48	80	7	0	0	3	14
OTU_21	5	6	6	4	27	36	38	44	1	1	3	27	43	89	0	3726	0	604	33	11	1	147	2	5	26	1018	5	0	44	3186	4	4	0	142	24	32	1497	1	40	39
OTU_656	0	0	0	2	0	0	0	29	0	0	0	0	0	0	0	0	0	0	0	0	1	0	0	0	0	0	0	0	0	0	0	0	0	0	0	0	0	0	39	0
OTU_210	0	0	0	0	0	0	2	0	0	0	0	62	12	102	0	0	0	0	0	0	0	0	0	0	0	0	0	0	0	0	0	0	0	123	66	0	0	0	0	12
OTU_27	6	96	943	3058	1	21	275	50	564	2	769	32	233	154	0	78	150	56	145	2	559	54	99	3867	0	78	330	0	215	77	8	0	14	141	33	23	26	168	54	190
OTU_29	1	0	0	2	686	4	2	1	0	26	33	8	0	234	83	36	1817	0	5	0	0	31	1	0	707	4	0	4154	0	16	4	119	62	286	9	1	115	0	4	0
OTU_1039	0	0	0	0	0	2	0	0	0	0	0	3	0	3	0	0	0	0	0	0	0	0	0	0	0	0	0	0	0	0	0	0	0	0	22	0	0	0	0	5
OTU_80	4	0	0	2	0	44	515	1	0	0	2	466	53	118	0	0	2	0	0	5	0	0	0	11	0	0	0	0	424	2	0	0	0	139	568	39	0	0	1	55
OTU_48	65	2	4	60	0	472	754	0	10	311	54	432	321	562	3	1	7	275	2	103	2	0	4	70	3	383	3	1	618	2	1	53	43	574	578	434	107	0	3	299
OTU_742	3	0	0	0	0	0	0	0	0	0	0	0	3	5	0	1	0	0	0	0	0	0	0	2	0	0	0	1	0	0	0	1	0	18	0	0	0	0	0	0
OTU_110	278	1	27	28	24	2	6	0	7	39	5	10	18	0	36	6	15	0	0	441	19	0	2	31	41	1	12	361	1	4	13	151	61	0	12	0	13	5	2	11
OTU_75	113	0	2	12	75	228	129	0	0	1	46	254	414	104	8	0	0	0	0	176	0	0	0	32	97	0	0	2	92	0	0	28	18	127	381	162	0	0	0	350
OTU_529	0	5	0	3	0	0	2	13	102	2	0	1	17	12	6	296	1	0	123	0	0	344	2	8	0	5	0	0	1	172	1	0	0	13	7	1	1	0	11	8
OTU_513	0	0	0	0	0	0	5	0	0	0	0	73	6	0	0	0	0	0	0	0	0	0	0	0	0	0	0	0	0	0	0	0	0	0	75	0	0	0	0	4
OTU_66	0	2	5	0	0	461	130	1	4	0	6	104	1105	86	0	46	7	10	1	0	2	6	3	0	1	10	0	0	133	32	18	0	0	102	117	388	12	0	0	1026
OTU_586	13	0	0	0	0	4	1	0	0	1	3	0	12	20	0	8	0	0	0	26	1	0	0	0	8	0	0	0	3	2	0	0	0	22	0	0	0	0	0	18
OTU_422	261	55	103	352	0	20	0	164	68	85	129	0	3	0	541	141	20	167	1327	431	66	26	64	419	1	271	487	168	0	130	94	0	1	0	0	25	117	217	107	4
OTU_123	4	0	5	14	11	236	40	3	0	1	49	101	161	150	21	4	6	0	1	2	0	86	0	12	11	0	0	0	31	1	0	0	1	166	128	198	20	0	1	142
OTU_154	183	0	0	183	0	40	0	0	0	4	1	8	23	259	2	0	0	0	0	355	0	0	0	281	0	0	0	0	0	0	0	0	0	338	4	30	0	0	0	26
OTU_87	16	0	0	0	0	3	1	0	0	1858	1	3	0	1	0	0	0	0	0	0	0	0	0	0	0	0	0	0	0	0	0	278	173	1	3	6	0	0	0	0
OTU_145	12	1	1	9	4	89	0	9	3	32	0	141	1	3	4	0	18	0	3	32	0	0	0	10	7	5	0	1	0	0	2	224	144	4	189	110	5	0	7	1
OTU_251	0	0	0	2	0	6	20	0	1	3	0	28	38	16	0	2	0	1	0	0	0	0	0	2	0	1	0	0	10	0	0	0	3	26	40	7	0	0	3	24
OTU_578	0	0	0	21	0	10	0	0	0	0	0	0	0	0	0	0	0	0	0	0	0	0	0	10	0	0	0	0	0	0	0	0	0	0	0	8	0	0	0	0
OTU_345	0	0	0	0	0	16	84	0	0	0	0	4	0	45	0	0	2	0	0	0	0	0	0	0	1	0	0	0	52	0	0	0	0	55	6	10	0	0	0	0
OTU_90	6	0	3	10	16	66	294	2	0	6	4	267	133	138	177	7	5	0	0	2	11	0	0	12	11	0	1	5	284	0	0	0	0	176	328	58	1	0	4	115
OTU_52	7	3	9	10	11	282	823	11	5	5	11	774	668	362	0	3	15	5	6	37	6	2	4	8	6	6	4	0	656	5	4	6	2	441	896	273	4	0	7	596
OTU_194	25	2	0	65	153	4	1	0	4	18	7	0	78	1	19	0	203	52	67	79	4	0	2	50	187	58	0	4	0	0	0	82	30	1	8	4	7	0	0	68
OTU_225	0	8	303	3	0	0	0	58	11	7	0	0	0	0	5	0	4	1	28	0	223	0	12	5	0	3	0	2	0	0	0	26	9	0	0	2	11	8	60	0
OTU_102	167	0	0	138	162	20	9	0	0	23	1	24	6	10	26	1	28	0	203	411	0	0	0	182	254	0	0	30	5	6	5	61	19	8	17	15	0	0	0	10
OTU_45	10	63	69	58	120	25	99	66	37	0	57	251	50	33	3	72	50	1956	47	20	56	210	87	58	143	3457	735	0	60	49	45	13	10	42	281	30	132	305	44	35
OTU_218	2	1	2	3	0	31	27	0	2	6	5	149	16	57	5	0	0	1	0	8	1	1	1	4	0	0	0	0	28	2	0	19	3	43	153	15	0	1	1	15
OTU_227	0	13	0	0	0	2	29	0	173	0	24	1	0	0	0	0	4	0	0	0	0	0	8	0	0	0	0	0	28	0	0	0	0	0	2	3	0	0	0	0
OTU_128	469	0	1	59	0	34	0	3	0	2	2	0	1	28	267	0	17	0	2	859	0	0	0	71	1	0	0	34	0	0	0	0	1	46	1	27	0	0	2	0
OTU_98	86	34	0	89	279	142	9	22	3	74	5	34	47	19	26	3	95	5	6	92	0	0	49	90	304	5	0	2	7	2	16	193	83	23	33	115	0	0	12	37
OTU_206	10	0	7	7	2	24	76	2	2	1	0	72	115	32	0	0	2	3	0	19	0	0	1	8	0	0	7	0	77	1	0	1	0	47	79	21	0	4	0	88
OTU_91	13	0	3	21	14	61	145	0	1	62	0	481	73	39	6	0	22	0	1	17	2	0	0	22	20	0	0	4	124	0	1	81	27	50	579	61	0	0	0	55
OTU_97	1	0	9	71	0	247	164	0	3	0	8	121	227	33	0	0	1	0	2	0	8	3	0	70	0	0	0	0	125	0	2	2	0	55	159	247	0	0	0	248
OTU_207	4	0	0	3	74	11	18	0	0	0	4	5	1	16	0	0	132	0	0	2	0	0	0	4	74	0	0	0	19	0	0	0	0	8	17	6	0	0	0	7
OTU_173	133	0	0	93	11	0	0	115	0	2	0	105	0	0	8	0	71	0	0	256	0	0	0	93	9	0	0	5	0	0	0	0	0	0	177	5	0	0	114	0
OTU_89	0	0	0	2	0	92	511	24	0	0	2	248	102	87	0	0	0	0	2	2	2	1	1	9	0	0	70	0	422	0	2	0	0	69	294	67	21	22	18	100
OTU_283	5	0	1	1	15	3	6	0	0	83	4	14	8	2	0	0	11	0	0	8	0	0	0	3	13	0	0	0	4	0	1	15	24	1	17	4	1	0	0	8
OTU_245	0	0	0	1	0	123	19	0	0	0	0	20	9	2	0	0	0	0	0	0	1	0	0	0	0	0	0	0	23	0	0	0	0	7	17	124	0	0	0	3
OTU_613	0	0	0	0	47	0	0	0	0	0	0	0	0	0	0	0	22	0	0	0	0	0	0	0	52	0	0	0	0	0	0	0	0	0	0	0	0	0	0	0
OTU_201	0	0	0	0	0	119	6	0	0	0	0	18	3	100	0	0	0	0	0	4	1	0	0	0	0	0	0	0	4	0	0	0	0	101	19	75	0	0	0	6
OTU_101	30	0	1	169	0	49	1	0	0	0	8	9	27	548	0	0	0	0	0	86	0	0	0	238	0	0	0	0	2	0	0	0	0	678	11	33	0	0	0	35
OTU_329	37	0	0	9	46	2	1	0	0	16	3	2	0	0	40	0	41	0	0	10	0	0	0	9	49	3	0	0	0	0	0	122	35	0	2	1	0	0	0	0
OTU_134	4	39	103	45	6	46	4	8	20	0	202	12	93	11	2	21	83	0	2	2	71	4	37	76	5	6	11	6	12	18	24	0	0	8	7	59	10	2	19	112
OTU_161	0	0	0	22	7	14	5	0	0	0	8	40	2	313	0	0	1	0	0	0	0	0	0	11	13	0	0	0	9	0	0	0	0	277	39	10	0	0	0	1
OTU_350	53	0	0	13	9	1	7	0	0	0	4	6	0	0	7	0	1	0	0	61	0	0	0	14	13	0	0	0	14	0	0	0	1	1	6	1	0	0	0	0
OTU_426	0	0	0	2	0	45	0	0	0	0	0	0	0	1	0	0	0	0	0	0	0	0	0	3	0	0	0	0	0	0	0	0	0	2	0	43	0	0	0	0
OTU_1129	0	0	0	0	0	2	6	0	0	2	0	3	3	5	0	1	0	0	0	0	0	0	0	1	0	0	0	0	9	0	1	0	0	2	7	1	0	1	0	4
OTU_73	0	0	0	0	0	0	0	0	0	8	13	0	0	0	0	31	55	0	3	0	0	3539	0	1	0	0	0	0	0	26	2872	6	0	0	0	0	34	0	0	0
OTU_54	928	0	0	78	0	36	0	0	0	2460	3	0	0	1	203	1	1	0	0	1369	0	31	0	92	0	0	0	45	0	0	2	3853	2291	5	1	45	0	0	0	0
OTU_164	0	0	0	1	5	23	121	0	0	1	0	84	27	66	0	0	1	0	0	0	0	0	0	2	6	0	0	0	85	0	0	0	0	84	95	19	0	2	0	27
OTU_56	0	6	32	11	2	130	3094	13	3	0	114	49	160	28	3	10	15	25	108	6	17	0	7	19	2	35	22	1	2556	2	34	0	1	25	67	95	8	2	14	132
OTU_105	77	0	20	227	39	9	6	0	0	6	10	0	4	2	2	1	474	0	2	181	5	0	2	313	70	0	0	0	2	0	0	358	139	2	8	5	104	0	1	0
OTU_212	0	1	4	0	5	12	139	1	1	0	2	5	7	5	0	0	118	0	1	0	0	1	1	0	4	0	0	0	92	0	0	0	0	5	6	7	0	0	1	5
OTU_204	0	0	0	0	42	0	0	0	0	0	0	0	0	0	0	150	24	0	580	5	0	0	0	1	60	0	0	0	0	95	0	7	0	0	0	0	0	0	0	0
OTU_120	12	33	0	9	2	3	0	128	47	42	18	1	12	317	2	54	1	206	163	16	2	4	35	4	4	359	1	1	2	38	15	210	100	289	3	13	11	0	71	10
OTU_978	7	0	0	0	0	4	1	0	0	0	11	0	2	16	0	0	0	0	0	15	0	0	0	2	0	0	0	0	1	0	0	0	0	12	2	11	1	0	0	1
OTU_107	0	0	0	0	0	0	0	0	0	0	0	0	0	551	0	0	1	0	0	0	0	0	0	0	3	0	0	0	0	0	0	0	0	739	0	0	0	0	0	0
OTU_118	710	0	0	62	1	47	49	5	0	5	2	51	45	32	0	5	2	0	4	1105	0	0	0	86	4	0	0	0	77	0	0	4	5	44	56	36	0	0	1	22
OTU_234	7	0	0	0	5	3	8	0	1	6	0	79	2	21	0	0	1	0	0	10	0	0	0	3	9	0	0	1	8	0	0	140	54	21	84	10	0	0	1	3
OTU_269	24	0	0	0	0	0	6	0	0	1	0	8	0	97	0	0	0	0	0	44	0	0	0	0	0	0	0	0	4	0	0	41	21	76	2	0	0	0	0	0
OTU_440	0	0	0	0	0	0	0	0	0	0	0	0	12	57	0	0	0	0	0	0	0	0	0	0	0	0	0	0	0	0	0	0	0	52	0	0	0	0	0	14
OTU_558	1	1	0	1	1	3	2	2	0	1	2	1	3	14	0	1	0	0	0	0	0	0	1	2	0	0	0	0	1	1	0	1	0	22	0	4	0	0	0	2
OTU_278	0	0	0	0	0	67	24	0	0	0	0	12	19	6	0	0	0	0	0	0	0	0	0	0	0	0	0	0	26	0	0	0	0	3	8	58	0	0	0	18
OTU_59	8	0	1	4	4	334	272	1	0	0	5	117	1316	45	1	3	5	0	1	20	4	1	0	4	7	0	0	0	199	3	1	0	1	36	139	313	2	0	1	1341
OTU_491	0	0	0	0	0	0	54	0	0	0	0	0	1	0	0	0	0	0	0	0	0	0	0	0	0	0	0	0	36	0	0	0	0	0	0	0	0	0	0	2
OTU_191	0	0	1	2	0	181	11	9	0	0	0	14	4	8	0	0	0	0	0	0	0	0	0	0	0	0	0	0	17	1	2	0	0	22	35	143	0	0	15	7
OTU_106	1	0	0	1	1	602	25	0	0	0	0	78	6	94	0	0	0	0	0	1	0	0	0	0	1	0	0	0	14	0	0	0	0	83	79	485	0	0	0	6
OTU_1120	4	0	0	1	0	0	0	0	0	936	0	0	0	0	5	0	0	0	0	0	0	0	0	1	0	0	0	0	0	0	0	301	140	0	0	0	0	0	0	0
OTU_190	1	0	20	0	0	0	0	2	0	90	0	129	8	0	0	2	1	0	0	0	10	0	0	0	1	0	0	101	1	1	0	235	68	0	157	0	0	0	1	0
OTU_197	0	2	8	5	0	103	35	13	7	0	5	7	10	6	1	4	0	0	0	0	5	0	1	1	0	0	0	1	29	2	5	0	0	6	14	66	68	0	6	2
OTU_933	0	0	0	1	0	3	6	0	0	1	2	8	3	8	0	0	0	0	0	0	0	0	0	1	0	0	0	0	4	0	0	0	0	5	6	5	0	0	0	2
OTU_306	0	0	0	0	0	0	16	0	0	0	0	19	3	35	0	0	0	0	0	0	0	0	0	0	0	0	0	0	9	0	0	0	0	47	26	0	0	0	0	6
OTU_160	16	0	0	1	0	128	46	0	0	3	0	77	64	26	0	0	1	0	7	20	8	0	0	6	0	0	0	0	32	0	0	3	6	29	80	82	0	0	0	55
OTU_429	0	0	0	0	0	0	0	0	0	0	0	0	64	0	0	0	0	0	0	0	0	0	0	0	0	0	0	0	0	0	0	0	0	0	0	0	0	0	0	49
OTU_304	0	0	75	0	0	0	1	4	7	0	1	0	19	0	0	1	0	0	0	0	49	0	0	0	0	0	0	0	0	1	1	0	0	0	2	0	8	0	6	23
OTU_356	0	0	1	0	0	11	13	0	0	0	0	43	1	11	0	0	0	0	0	0	0	0	0	0	0	0	0	0	16	0	0	0	0	28	71	6	0	0	0	0
OTU_185	0	0	0	0	0	5	224	0	0	0	0	47	34	6	0	0	4	0	3	0	1	0	0	0	0	0	0	0	162	1	0	0	0	8	45	2	0	0	1	24
OTU_130	14	8	65	59	11	85	171	23	36	12	60	185	229	134	1	7	31	15	8	9	46	0	7	58	13	21	98	0	147	0	2	22	7	159	191	93	2	60	19	188
OTU_43	117	8	12	35	27	657	139	110	11	152	15	715	403	392	5	161	43	78	68	159	7	21	12	44	33	141	18	9	87	143	12	706	268	479	960	598	101	2	65	327
OTU_215	0	3	0	10	0	60	0	0	2	0	1	24	126	0	0	1	0	0	0	0	0	0	9	11	0	0	0	0	0	1	0	0	0	0	32	52	0	0	0	105
OTU_936	0	0	0	0	0	0	2	0	0	0	0	4	0	4	0	0	0	0	0	0	0	0	0	0	0	0	0	0	1	0	0	0	0	5	10	0	0	0	0	0
OTU_94	0	0	449	0	1	1	566	18	16	0	148	3	0	25	0	6	164	0	2	0	271	0	0	0	3	3	0	0	435	3	1	0	0	30	0	0	28	0	7	0
OTU_195	0	0	0	0	0	6	61	0	0	0	0	32	24	171	0	0	0	0	0	0	0	0	0	1	0	0	0	0	70	0	0	0	0	193	47	6	0	0	0	30
OTU_84	0	0	0	0	0	0	0	0	0	0	0	0	0	1089	0	0	0	0	0	0	0	0	0	0	0	0	0	0	0	0	0	0	0	1179	0	1	0	0	0	0
OTU_113	0	1	1	24	0	59	214	0	0	0	1	119	160	60	0	1	1	0	0	0	2	1	2	41	2	0	22	0	161	1	0	0	0	75	150	76	1	12	1	181
OTU_189	0	0	0	0	0	191	10	0	0	0	0	1	4	5	0	0	0	0	0	0	0	0	0	0	0	0	0	0	11	0	0	0	0	12	0	165	0	0	0	3
OTU_79	2	90	0	11	1	217	73	284	7	8	13	115	139	34	7	3	2	143	6	0	2	0	118	20	0	275	158	3	53	2	1	0	0	36	195	170	7	104	207	128
OTU_391	1	0	0	0	2	18	18	0	0	0	2	42	7	17	0	0	0	0	0	4	0	0	0	1	1	0	0	0	16	0	0	0	3	15	58	16	0	0	0	7
OTU_224	0	0	10	2	0	9	66	0	0	0	0	60	37	4	0	0	5	0	0	0	9	0	0	6	0	0	0	0	47	0	3	0	0	4	91	2	0	0	0	29
OTU_143	0	13	26	19	180	0	0	8	6	3	46	4	5	0	2	7	77	24	8	1	36	13	18	28	211	25	44	2	0	7	10	14	6	0	7	0	13	14	12	4
OTU_866	4	1	0	0	9	0	2	0	0	0	2	0	2	1	0	0	4	0	0	9	0	0	3	0	14	0	0	0	0	0	0	5	3	0	3	0	0	0	0	0
OTU_115	55	3	0	33	394	0	2	0	9	43	9	0	0	0	248	0	85	0	0	55	0	0	1	31	482	0	0	33	0	0	0	78	45	0	0	0	0	0	0	0
OTU_137	0	0	0	1	0	124	93	1	0	0	9	150	55	67	0	0	5	17	0	1	1	0	0	2	0	5	0	0	91	0	0	0	2	68	174	119	0	0	8	39
OTU_810	0	0	0	0	0	6	1	1	0	0	0	4	7	0	0	0	0	10	0	0	0	0	2	0	1	11	12	0	3	1	2	0	0	0	3	3	0	5	1	4
OTU_139	0	0	0	0	476	0	0	0	0	0	1	0	0	19	0	0	23	0	0	0	1	0	0	3	660	0	0	0	0	1	0	0	0	40	0	0	0	0	0	0
OTU_104	0	0	0	0	7	66	357	0	0	0	0	208	85	44	1	1	0	6	0	0	0	0	0	5	6	5	0	0	250	1	0	1	0	65	234	65	12	0	0	128
OTU_142	0	2	2	1	0	41	221	0	3	0	0	164	74	38	0	0	0	0	0	1	4	0	5	1	0	2	0	0	118	0	4	0	0	53	191	48	3	0	1	67
OTU_264	0	0	0	0	0	1	0	0	110	0	0	0	0	0	0	46	0	0	0	0	0	0	0	0	0	0	0	0	0	39	0	0	0	0	0	0	0	0	0	0
OTU_117	0	0	0	11	525	1	20	0	0	0	0	6	1	2	0	0	0	0	2	0	0	0	0	10	623	0	0	0	14	0	1	0	0	1	1	0	0	0	0	1
OTU_925	0	0	0	0	0	0	16	0	0	0	0	15	1	15	0	0	0	0	0	0	0	0	0	0	0	0	0	0	8	0	0	0	0	5	5	3	0	0	0	1
OTU_153	1	0	0	6	223	5	13	5	0	24	0	34	16	26	6	0	5	1	0	3	2	0	0	0	246	5	2	0	0	0	1	43	25	26	43	14	0	0	0	15
OTU_801	3	17	21	47	14	0	4	0	0	14	3	0	1	10	1369	0	8	22	0	5	15	0	27	50	20	28	0	480	2	0	0	0	0	6	1	0	0	0	0	2
OTU_386	7	0	0	9	5	1	17	0	4	0	3	2	1	1	2	3	5	0	0	0	0	0	1	10	9	0	1	7	21	3	0	0	0	3	0	0	0	2	2	1
OTU_148	3	0	3	14	2	37	82	0	13	35	0	185	17	24	1	11	0	1	5	8	0	0	0	10	9	0	0	6	55	10	1	26	5	36	206	40	0	0	2	7
OTU_627	0	0	0	0	18	0	0	0	0	0	0	0	1	0	2	0	2	0	0	1	0	0	0	2	17	0	0	0	0	0	0	7	0	0	0	0	0	0	0	0
OTU_179	5	2	13	30	141	9	17	0	0	10	5	29	28	85	9	1	25	0	1	5	8	7	1	56	158	0	0	0	17	0	0	24	28	97	36	6	2	3	2	19
OTU_116	0	0	9	2	2	62	298	1	0	0	3	29	178	69	0	8	1	0	1	0	4	1	0	0	0	1	0	0	235	13	0	7	0	77	50	59	0	0	4	162
OTU_126	182	1	0	297	40	0	0	0	0	53	0	1	0	0	19	0	18	0	0	292	0	0	0	378	31	0	11	1	0	0	0	4	2	1	2	0	0	2	0	0
OTU_131	0	4	6	1	4	38	86	13	10	0	472	133	25	75	0	4	1	3	0	0	8	0	2	0	1	7	1	0	98	0	1	0	0	64	135	31	10	0	5	38
OTU_587	6	3	0	8	1	0	0	4	1	0	0	1	0	1	6	1	0	1	1	18	0	0	3	2	1	3	32	0	0	0	0	2	2	0	2	0	0	7	3	0
OTU_288	2	0	0	6	0	23	43	0	0	0	11	56	13	28	0	0	0	0	0	0	0	0	0	5	0	0	0	0	34	0	0	0	0	38	76	30	1	0	0	12
OTU_220	0	2	4	3	4	11	99	0	2	0	3	17	4	14	0	0	21	43	0	0	1	0	7	6	0	101	0	0	82	0	2	0	0	20	19	4	2	0	0	7
OTU_72	0	0	0	2	0	78	207	0	0	0	0	902	61	131	0	26	0	1	0	0	0	0	0	7	0	0	0	0	169	22	0	0	0	178	1083	61	0	0	0	73
OTU_100	2	6	295	83	0	49	116	46	18	0	83	72	87	66	0	10	29	1	5	3	238	3	7	137	0	6	25	0	81	6	10	0	0	69	72	36	25	14	37	93
OTU_180	0	44	0	0	0	2	0	0	15	0	0	0	0	0	0	0	0	7	1	0	0	1	44	0	0	10	1576	0	0	1	0	0	0	0	0	0	0	627	0	0
OTU_124	0	0	639	1	0	0	0	0	0	0	35	0	0	0	0	0	1051	0	0	2	496	0	0	1	0	0	0	0	0	0	0	0	0	0	0	0	0	0	0	1
OTU_228	6	0	0	1	1	27	48	2	0	0	0	51	8	19	0	0	0	0	0	0	1	0	0	2	1	5	2	0	43	0	0	2	0	23	81	12	0	0	1	9
OTU_321	0	0	0	3	168	2	1	0	0	0	1	1	0	0	4	0	32	0	0	2	0	0	0	3	174	0	0	0	1	0	0	12	4	2	3	2	0	0	0	1
OTU_257	1	0	0	0	0	13	0	0	0	17	0	85	0	0	3	0	0	0	0	0	0	0	0	0	0	0	0	0	0	0	0	0	0	0	104	12	0	0	0	0
OTU_136	1	0	0	0	2	8	0	0	0	1	0	391	5	12	5	0	5	1	0	4	0	0	0	0	2	0	0	0	0	0	0	4	5	11	473	7	0	0	0	4
OTU_300	0	0	116	9	0	5	0	1	0	0	5	0	1	0	0	1	2	0	0	0	48	12	1	24	0	0	9	0	1	0	2	0	0	0	3	7	0	1	7	3
OTU_211	0	0	0	0	0	4	66	0	0	0	0	50	87	32	0	0	0	0	0	0	0	0	0	0	0	0	0	0	59	0	0	0	0	47	49	5	0	0	0	55
OTU_589	0	0	0	0	1	1	0	0	0	0	0	17	27	5	0	0	1	0	0	0	0	0	0	0	0	0	0	0	11	0	0	0	0	11	30	0	0	0	0	24
OTU_287	8	0	0	3	6	11	45	0	0	0	0	6	14	69	0	0	0	0	0	4	0	0	1	0	2	2	0	0	30	0	0	0	0	54	8	13	0	0	0	9
OTU_280	1	0	0	1	0	20	1	0	0	0	0	26	2	34	0	0	0	0	7	0	0	0	0	0	0	0	0	0	3	0	0	0	0	42	49	13	0	0	0	2
OTU_1102	0	0	0	0	0	0	0	0	0	0	0	0	0	0	0	0	0	0	0	0	0	0	0	0	0	0	32	0	0	0	0	0	0	0	0	0	0	27	0	0
OTU_205	0	0	0	1	95	0	0	0	0	0	7	0	0	0	1	0	492	0	0	0	0	0	0	0	121	0	0	0	0	0	0	0	4	0	0	0	0	0	0	0
OTU_241	0	0	0	0	21	0	89	0	1	0	3	0	0	0	0	0	81	0	0	2	0	0	0	0	27	0	0	1	63	0	0	17	4	1	0	0	4	0	0	1
OTU_590	0	3	0	7	0	0	0	12	2	0	0	0	0	0	0	29	0	0	2	5	0	0	3	6	0	0	0	0	0	19	10	8	4	0	0	0	0	0	6	0
OTU_295	2	0	0	0	0	0	0	0	0	315	0	0	0	0	0	0	0	0	0	0	0	1	0	0	1	0	0	0	0	0	0	185	70	0	0	0	0	0	0	0
OTU_556	8	1	2	0	0	10	4	0	0	0	2	2	1	3	1	0	0	0	0	4	0	0	0	1	0	1	3	1	1	0	0	0	3	2	3	5	17	0	0	1
OTU_441	0	0	0	0	0	0	0	0	0	0	0	0	0	38	0	0	0	0	0	0	1	1	0	0	0	0	0	0	0	0	0	0	0	53	0	1	1	0	0	1
OTU_604	0	0	0	0	0	0	8	0	0	0	0	15	7	0	0	0	0	0	0	0	0	0	0	0	0	0	0	0	3	0	0	0	0	0	19	1	0	0	0	2
OTU_111	1	1	13	3	7	24	87	0	0	0	603	123	150	34	1	1	7	1	1	0	6	0	1	9	5	0	2	0	97	1	0	3	0	51	208	27	2	0	1	150
OTU_617	0	2	0	1	5	8	7	0	0	0	5	18	10	4	0	0	1	1	0	0	0	0	1	0	3	0	0	1	1	0	0	0	0	8	14	17	0	0	1	5
OTU_213	0	108	12	0	0	0	0	0	0	0	19	0	0	12	0	0	2	0	0	0	10	0	128	0	0	0	5	0	1	0	0	0	0	27	0	0	0	8	0	0
OTU_144	0	0	0	140	0	0	30	0	10	0	499	0	2	4	10	0	0	0	0	4	0	0	0	186	0	0	0	0	17	0	0	0	0	1	1	0	1	0	0	1
OTU_231	0	0	0	0	0	7	27	0	0	9	0	126	28	27	0	0	0	0	0	0	0	0	0	0	0	0	0	0	18	0	0	74	45	33	140	10	0	0	0	28
OTU_1083	0	1	0	0	0	15	7	0	0	0	0	89	4	62	0	0	0	0	0	0	0	0	0	1	2	0	0	0	12	0	0	0	0	68	107	14	0	0	0	13
OTU_340	0	0	0	0	0	15	45	0	0	0	0	29	10	6	0	0	1	0	0	0	0	0	0	0	0	0	0	0	35	0	0	0	0	16	55	28	0	0	0	3
OTU_575	0	0	0	0	0	1	27	0	0	0	0	18	1	5	0	0	0	0	0	0	0	0	0	1	0	0	0	0	14	0	0	0	0	9	22	4	0	0	0	4
OTU_196	0	0	0	0	20	0	0	0	0	0	0	0	0	0	206	0	0	0	0	0	0	0	0	0	25	0	0	241	0	0	0	0	0	0	0	0	0	0	0	0
OTU_217	0	1	0	0	0	1	109	6	69	0	0	27	3	3	0	2	0	13	0	0	0	0	1	0	0	27	36	0	65	0	1	0	0	0	25	1	0	17	6	3
OTU_240	0	2	0	0	0	4	54	17	1	0	0	42	13	23	0	0	3	0	0	0	0	0	4	0	4	0	0	0	52	0	5	0	0	30	75	5	0	0	17	16
OTU_427	1	5	0	0	9	14	2	16	5	4	1	16	5	14	2	0	2	1	0	6	0	0	6	4	6	2	0	2	1	0	2	2	3	21	9	8	0	0	13	3
OTU_147	0	0	1	0	0	82	13	2	0	0	0	100	23	127	5	0	1	0	0	0	0	0	0	1	0	0	3	0	16	0	0	0	0	180	104	55	0	1	0	19
OTU_159	2	0	0	0	0	177	16	0	0	0	0	189	7	7	0	0	0	9	0	0	0	0	0	0	0	0	0	1	13	0	0	0	0	8	233	138	0	0	0	13
OTU_347	0	0	1	1	0	0	0	0	0	0	1	0	0	0	0	0	184	0	0	0	9	0	0	1	0	0	0	0	0	0	0	0	0	0	0	0	0	0	0	0
OTU_332	0	0	0	4	0	52	5	0	0	1	0	14	2	11	0	0	1	0	0	0	0	0	0	0	0	0	0	0	0	0	0	5	1	9	6	41	0	0	0	1
OTU_182	0	1	2	10	0	118	19	0	2	3	0	11	37	46	0	5	5	0	2	2	0	0	0	4	0	0	1	0	38	1	0	3	1	53	1	117	0	0	1	24
OTU_595	0	0	0	0	1	5	12	0	0	3	0	22	6	4	0	0	1	0	0	0	0	0	0	0	1	0	0	0	6	0	0	0	0	2	62	3	0	0	0	2
OTU_375	0	0	0	0	0	68	12	0	0	0	0	17	9	2	0	0	0	0	0	0	0	0	0	0	0	0	0	0	9	0	0	0	0	8	16	58	0	0	0	7
OTU_263	0	0	0	0	123	0	0	0	0	0	3	0	0	0	0	0	26	0	0	0	0	0	0	0	172	0	0	0	0	0	0	3	0	0	0	0	0	0	0	0
OTU_108	6	0	0	0	0	473	66	2	0	2	1	28	166	15	0	0	0	0	0	1	0	0	3	1	1	0	0	1	59	0	0	4	7	19	33	380	0	0	3	132
OTU_181	3	6	4	38	61	4	29	1	117	11	43	13	6	20	42	16	63	0	2	34	2	0	4	67	96	7	18	42	30	4	2	4	7	25	11	7	6	2	3	2
OTU_317	0	0	0	0	1	1	4	0	0	0	0	65	4	0	0	0	0	0	0	0	0	0	0	0	0	0	0	0	4	0	0	0	0	1	72	1	0	0	0	0
OTU_596	0	0	0	0	0	13	19	0	0	0	0	2	0	0	0	0	0	0	0	0	0	0	0	0	0	0	0	0	17	0	0	0	0	0	0	18	0	0	0	0
OTU_172	0	0	0	0	0	440	0	0	0	0	0	1	0	1	0	0	0	0	0	0	0	0	0	0	0	0	0	0	1	0	0	0	0	2	0	473	0	0	0	0
OTU_188	2	0	3	0	0	3	156	1	0	150	0	11	2	2	1	0	0	2	0	0	1	0	0	1	0	3	0	0	109	0	0	24	20	0	7	1	0	0	0	1
OTU_410	0	9	5	2	0	3	1	1	16	0	0	0	11	11	0	1	11	0	2	0	4	0	6	6	0	1	0	0	2	0	0	1	0	9	0	2	1	0	1	11
OTU_178	0	0	0	1	0	222	197	3	0	0	0	66	69	136	0	0	2	0	0	0	2	0	0	2	0	0	0	0	127	0	0	0	0	157	88	164	0	0	0	54
OTU_158	0	0	2	0	0	4	90	5	2	0	0	44	159	51	0	0	1	2	1	0	3	5	0	0	0	0	0	0	74	0	1	0	0	65	42	4	2	0	0	116
OTU_1006	0	0	0	1	0	0	0	0	0	2	0	0	0	0	0	0	0	0	0	0	0	0	0	1	0	0	0	13	0	0	0	42	5	0	0	0	0	0	0	0
OTU_548	0	0	0	1	0	4	23	0	0	0	9	5	8	13	0	0	0	1	0	0	5	0	0	4	0	0	0	0	14	0	0	0	0	11	5	6	1	0	0	15
OTU_339	0	0	0	0	0	0	0	0	0	0	0	0	0	73	0	0	0	0	0	0	0	0	0	0	0	0	0	0	0	0	0	0	0	85	0	0	0	0	0	0
OTU_208	0	1	0	0	11	17	57	0	35	0	1	34	60	46	0	15	2	0	0	0	0	0	1	0	17	0	0	0	45	8	1	0	1	47	87	10	0	0	0	53
OTU_555	4	0	0	0	0	2	19	0	0	0	6	8	8	2	0	0	0	0	0	1	0	0	0	0	0	0	7	0	19	0	0	0	0	2	5	3	0	3	0	6
OTU_274	0	0	4	0	0	23	6	0	0	2	0	12	31	28	0	3	0	0	1	3	0	0	0	0	0	1	0	0	5	0	5	7	2	33	20	21	0	0	1	22
OTU_253	22	0	0	3	0	6	0	0	0	0	0	4	60	43	3	3	0	0	0	40	0	0	0	1	0	0	0	0	0	0	0	0	0	44	15	3	0	0	0	45
OTU_141	4	1	356	92	6	16	75	0	1	0	204	40	18	47	0	0	165	0	0	11	221	0	0	160	6	0	4	0	74	0	1	0	0	56	50	10	22	1	0	18
OTU_266	0	0	0	3	1	11	37	0	0	0	0	9	11	40	0	8	0	15	0	0	2	1	1	6	1	22	16	0	16	3	9	0	0	29	5	20	2	6	2	16
OTU_186	2	0	3	5	0	2	59	9	32	0	12	85	32	16	0	65	0	28	3	1	2	6	0	13	0	26	2	0	51	60	35	0	0	22	116	5	31	0	2	40
OTU_369	36	0	0	4	5	6	1	21	0	3	0	2	0	5	2	0	0	3	11	42	0	0	2	3	5	6	0	2	0	0	0	45	17	8	3	12	0	0	23	1
OTU_226	0	0	2	1	0	8	73	1	2	0	5	14	18	40	0	3	0	0	0	0	0	1	0	0	0	0	0	0	75	1	1	0	0	31	20	8	0	0	0	15
OTU_259	0	0	0	0	0	4	22	0	0	0	0	95	1	0	0	0	0	0	0	0	0	0	0	0	0	0	0	0	23	0	0	0	0	0	87	8	0	0	0	4
OTU_629	5	0	1	7	5	0	1	1	0	0	4	0	1	4	0	0	4	0	0	1	0	0	0	5	7	0	0	0	0	0	0	0	0	3	0	0	1	0	0	0
OTU_166	7	2	9	39	151	0	0	1	1	0	13	0	0	1	0	1	105	0	2	11	5	4	1	44	158	0	7	0	3	0	1	15	3	0	0	0	3	0	0	0
OTU_170	4	0	4	1	3	10	114	1	2	0	0	9	144	48	0	1	0	6	1	11	1	2	3	9	0	6	0	0	119	0	2	0	4	64	10	20	0	0	6	122
OTU_802	0	0	0	0	0	0	2	0	0	0	0	11	0	7	0	0	0	0	0	0	0	0	0	0	0	0	0	0	0	0	0	0	0	4	8	0	0	0	0	0
OTU_364	0	0	0	0	0	6	43	2	0	2	0	28	19	14	0	0	0	0	0	0	0	0	0	0	1	0	0	0	50	2	0	0	0	14	40	8	0	0	0	15
OTU_510	0	0	0	0	0	0	0	0	0	0	0	30	0	0	0	0	0	0	0	0	0	0	0	0	0	0	0	0	0	0	0	0	0	0	49	0	0	0	0	0
OTU_763	4	0	0	8	6	1	0	0	0	3	1	0	0	1	1	0	4	0	0	13	0	0	0	2	14	0	0	0	0	0	0	0	0	0	0	0	0	0	0	1
OTU_99	0	0	0	1	0	0	2	3	0	0	93	0	798	1	0	0	1	0	0	0	0	0	0	0	0	0	0	0	1	0	0	0	0	0	0	1	0	0	1	738
OTU_125	14	1	47	23	19	295	16	0	0	2	4	23	10	42	0	1	31	3	7	40	23	3	0	33	12	4	28	2	26	1	3	19	9	37	36	262	4	4	1	16
OTU_864	0	0	0	0	0	2	9	0	0	0	3	7	0	1	0	0	0	0	0	0	0	0	0	0	0	0	0	0	8	0	0	0	0	4	5	5	0	0	0	7
OTU_385	0	0	0	0	0	2	0	0	15	0	0	0	0	0	0	57	0	0	0	0	0	0	0	0	0	2	0	0	0	33	5	0	0	0	2	0	0	0	0	0
OTU_418	0	8	0	0	0	0	1	40	0	0	7	0	0	1	0	21	5	0	9	0	0	1	24	0	0	0	10	0	1	8	2	0	0	1	0	1	0	5	31	3
OTU_294	9	0	0	3	0	9	0	0	3	1	2	0	29	43	0	3	0	4	0	21	0	0	0	1	0	0	0	0	0	0	0	7	8	48	7	9	37	0	0	35
OTU_523	0	0	0	0	0	7	6	0	0	0	0	15	1	3	0	0	0	0	0	0	0	0	0	0	0	0	0	0	13	0	0	0	0	2	19	4	0	0	0	2
OTU_514	0	0	0	0	0	0	0	0	0	0	0	0	0	74	0	0	0	0	0	0	0	0	0	0	0	0	0	0	0	0	0	0	0	84	0	0	0	0	0	0
OTU_302	0	0	0	12	56	32	0	0	0	0	0	0	38	0	0	0	0	0	0	0	0	0	0	16	60	0	0	0	0	0	0	0	0	0	0	33	0	0	0	23
OTU_872	0	0	0	0	0	3	0	0	0	0	0	11	19	0	0	0	0	0	0	0	0	0	0	0	0	0	0	0	0	0	0	0	0	1	26	2	0	0	0	17
OTU_1019	0	0	0	0	0	0	0	0	0	0	0	5	0	2	0	0	0	0	0	0	0	0	0	0	0	0	0	0	1	0	0	0	0	3	10	2	0	0	0	0
OTU_644	0	0	0	0	0	0	0	0	0	0	0	0	40	0	0	0	0	0	0	0	0	0	0	0	0	0	0	0	0	0	0	0	0	0	0	0	0	0	0	35
OTU_303	0	0	0	1	1	28	1	0	0	0	0	13	21	8	1	0	0	0	2	0	0	0	0	3	0	0	0	0	0	0	0	7	18	12	21	22	0	0	0	16
OTU_370	2	0	0	5	8	0	0	0	0	7	2	1	0	0	1	0	39	0	0	15	0	0	0	3	14	0	0	0	0	0	0	165	66	0	0	0	2	0	0	1
OTU_483	0	6	0	0	0	0	0	6	0	0	0	2	16	0	0	0	0	0	7	0	0	1	9	0	0	0	0	0	0	0	1	0	0	0	2	0	0	0	5	20
OTU_242	0	0	0	0	8	0	122	0	0	0	4	0	2	56	0	0	338	0	0	0	0	0	0	0	4	0	0	0	94	0	0	0	0	68	0	0	0	0	0	1
OTU_1133	0	0	0	0	0	0	3	0	0	0	0	0	2	0	0	2	0	0	0	0	0	0	0	0	0	0	0	0	6	0	0	0	0	1	0	3	0	0	0	1
OTU_371	0	0	0	0	0	0	2	0	0	0	0	0	78	0	0	0	0	0	0	0	0	0	0	0	0	0	0	0	1	0	0	0	0	0	0	0	0	0	0	77
OTU_856	0	0	0	0	0	0	2	0	0	0	0	4	0	15	0	0	0	0	0	0	0	0	0	0	0	0	0	0	1	0	0	0	0	14	0	0	0	0	0	0
OTU_1180	2	0	0	0	1	0	0	0	0	0	0	0	0	1	0	0	0	0	1	8	0	0	0	0	2	0	0	4	0	0	0	25	11	2	2	0	0	0	0	1
OTU_392	1	0	5	11	1	7	0	0	0	3	0	3	12	69	0	2	1	0	0	1	0	0	0	13	0	0	0	0	0	5	0	5	5	66	3	0	0	0	0	14
OTU_305	0	4	2	1	0	14	13	6	9	0	0	14	13	14	0	10	0	0	0	0	0	1	6	0	0	1	4	0	24	2	1	0	0	15	22	7	2	6	9	14
OTU_353	0	0	0	0	0	0	0	0	0	0	0	0	3	77	0	0	0	0	0	0	0	0	0	0	0	0	0	0	0	0	0	0	0	69	0	0	0	0	0	1
OTU_222	74	1	0	56	1	179	0	0	0	313	0	0	1	0	2	29	1	0	0	104	0	0	0	89	3	0	0	0	0	21	0	190	58	0	2	115	74	0	0	0
OTU_121	0	0	0	19	0	51	20	7	13	10	458	53	18	81	0	5	3	3	3	0	3	31	1	22	0	8	0	0	21	2	13	0	0	97	55	40	69	0	2	16
OTU_487	0	0	0	0	0	27	3	0	0	0	0	3	20	0	0	0	0	0	0	0	0	0	0	0	0	0	0	0	2	0	0	0	0	0	2	27	0	0	0	5
OTU_127	92	1	0	312	0	1	0	2	0	0	0	0	0	0	2	0	4	0	0	131	0	0	0	349	0	0	0	206	0	0	0	0	2	0	0	0	26	0	2	0
OTU_411	0	0	0	53	0	0	0	0	0	0	0	0	0	0	0	0	3	0	0	0	0	0	0	72	0	2	0	0	0	0	0	0	0	0	0	0	0	0	0	0
OTU_1219	0	0	2	0	0	1	1	0	0	0	0	0	0	0	0	1	1	0	3	0	0	1	0	0	0	0	0	0	0	0	0	0	0	1	4	1	2	7	0	1
OTU_633	0	0	0	0	0	2	23	0	0	0	0	13	5	3	0	0	0	0	0	0	0	0	0	0	0	0	0	0	16	0	0	0	0	5	14	2	0	0	0	2
OTU_260	0	0	0	2	0	12	31	1	1	0	0	17	41	17	0	1	0	0	0	0	1	0	0	1	0	0	2	0	24	0	0	0	0	22	17	4	0	0	2	42
OTU_252	0	0	0	0	98	3	0	0	0	0	0	0	3	0	0	0	2	0	0	2	0	0	0	0	108	0	0	0	0	0	0	1	0	0	0	8	1	0	0	2
OTU_898	1	0	0	0	1	7	2	0	0	0	0	6	3	4	0	0	0	0	0	0	0	0	0	0	1	0	0	0	5	0	0	0	0	3	12	3	0	0	0	3
OTU_299	0	0	0	0	0	16	27	0	0	0	0	30	8	13	0	0	0	0	0	0	0	0	0	0	0	0	0	0	45	0	0	0	0	10	33	4	0	0	0	7
OTU_405	0	0	0	0	0	0	145	0	0	0	0	0	0	1	0	0	0	0	0	0	0	0	0	0	0	0	0	0	87	0	0	0	0	0	0	0	0	0	0	0
OTU_200	0	0	0	0	0	1	8	87	0	0	4	3	10	21	0	0	0	24	32	1	0	0	0	0	0	38	47	0	4	0	0	0	0	30	1	3	0	16	85	5
OTU_239	0	0	2	0	0	0	74	0	0	0	2	20	40	2	0	0	0	0	0	0	0	0	0	1	0	0	0	0	70	0	0	0	0	6	49	4	0	0	0	35
OTU_155	6	7	5	10	3	51	82	2	3	0	7	10	40	326	0	39	1	24	4	13	0	7	5	12	4	46	66	0	65	15	60	0	0	402	14	29	4	19	2	31
OTU_342	22	0	1	9	2	1	11	0	2	8	1	13	8	3	26	4	2	4	0	49	0	0	0	31	3	0	0	3	3	2	1	30	42	11	19	1	1	0	1	9
OTU_488	0	0	0	0	0	0	0	0	0	0	0	39	0	0	0	0	0	0	0	0	0	0	0	0	0	0	0	0	0	0	0	0	0	0	37	0	0	0	0	0
OTU_221	0	0	0	1	1	15	18	0	1	0	0	23	2	132	0	0	0	0	0	0	0	0	0	3	0	0	0	0	23	0	0	0	0	158	14	21	0	0	0	2
OTU_232	80	0	0	6	9	57	5	0	9	2	2	25	17	3	5	37	4	0	2	177	2	1	1	17	15	5	0	0	5	16	0	41	22	9	26	46	0	0	0	9
OTU_202	21	0	2	19	0	15	0	0	0	0	0	2	17	6	15	0	19	2	0	28	8	0	0	21	1	3	0	0	0	2	0	0	0	11	7	13	240	0	0	17
OTU_863	2	2	0	0	6	15	16	2	1	0	0	2	11	9	0	9	0	1	0	4	0	0	0	13	4	3	3	0	11	9	5	0	0	9	3	9	0	0	0	3
OTU_255	5	0	1	6	2	24	35	0	0	10	0	2	35	26	0	0	2	5	0	2	3	0	1	10	1	7	2	0	26	0	0	14	13	16	7	20	0	1	1	22
OTU_722	0	0	0	0	2	1	0	0	0	26	1	2	2	0	0	0	2	0	0	0	0	0	0	0	1	0	0	0	0	0	0	7	5	0	0	2	0	0	0	0
OTU_146	0	4	0	0	0	2	2	0	0	0	0	0	13	9	0	57	0	0	24	0	0	30	11	0	0	2	16	0	0	34	734	0	0	6	1	6	6	3	0	10
OTU_150	1	0	0	0	0	8	104	0	0	0	4	15	134	135	0	2	0	0	2	3	0	0	0	1	1	0	0	0	109	1	0	0	0	120	21	8	7	0	0	105
OTU_198	24	0	0	12	0	13	0	0	0	64	0	0	1	2	1	0	0	0	0	65	0	0	0	8	0	0	0	2	0	0	0	599	339	4	0	6	0	0	0	1
OTU_394	0	2	17	16	0	32	3	0	2	0	1	1	0	2	0	0	0	0	0	0	10	0	1	7	0	0	0	0	3	0	0	0	0	2	5	22	0	0	0	0
OTU_624	0	0	0	0	0	5	0	0	0	0	55	0	0	0	0	0	0	0	0	0	0	0	0	0	0	0	0	0	0	0	0	0	0	0	0	4	0	0	0	0
OTU_156	2	0	0	0	7	23	76	0	0	0	7	16	347	32	0	0	6	0	0	2	0	0	0	2	13	0	0	0	32	0	0	2	0	28	19	13	0	0	0	288
OTU_420	2	11	2	6	1	1	29	15	7	0	11	3	15	5	2	13	3	13	0	0	3	2	13	9	1	10	25	0	26	11	17	2	0	9	4	0	2	12	14	8
OTU_890	0	0	0	0	0	0	0	0	2	0	0	0	0	0	32	0	0	0	0	0	0	0	0	0	0	0	0	0	0	0	0	5	6	0	0	0	0	0	0	0
OTU_628	0	0	0	0	0	0	0	0	0	0	0	0	14	18	0	0	0	0	0	0	0	0	0	1	0	0	0	0	0	0	0	0	0	17	0	0	0	0	0	11
OTU_149	78	1	0	320	0	0	0	27	3	0	0	2	1	1	0	26	0	1	0	121	0	0	1	362	0	0	0	0	0	20	1	0	2	1	7	0	149	0	18	1
OTU_175	3	0	2	1	0	261	11	0	0	1	8	71	8	7	0	4	0	0	0	2	0	0	0	2	2	0	0	0	12	0	0	0	0	5	85	225	0	0	2	11
OTU_892	0	0	1	0	2	1	4	1	0	0	0	0	7	2	0	0	0	0	0	0	0	0	0	0	0	0	0	0	0	0	0	0	0	1	0	0	0	0	0	7
OTU_527	0	0	0	0	1	2	2	0	0	0	0	28	5	1	0	0	1	0	0	0	0	0	0	0	0	0	0	0	2	0	0	0	0	0	53	1	0	0	0	1
OTU_112	0	0	0	0	0	14	77	0	0	0	1	63	571	12	0	0	0	0	0	0	0	0	0	2	0	0	0	0	54	0	0	0	0	12	56	15	0	0	0	460
OTU_520	0	0	0	0	0	7	11	0	0	0	0	12	1	6	0	0	0	0	0	0	0	0	0	0	0	0	0	0	20	0	0	0	0	8	15	0	0	0	0	1
OTU_478	0	0	0	0	0	8	17	0	0	0	0	15	5	15	0	0	0	3	0	0	0	5	0	0	0	1	8	0	8	0	0	0	0	12	29	5	0	0	0	7
OTU_214	6	0	1	2	0	32	11	3	2	3	13	20	8	77	0	5	1	3	8	13	1	0	0	2	0	4	0	0	5	7	5	0	0	87	12	40	0	0	3	10
OTU_174	0	0	9	6	11	27	1	0	0	2	0	5	7	306	26	0	3	0	0	0	4	0	0	8	10	0	0	1	2	0	0	0	0	326	9	39	0	0	0	4
OTU_958	0	0	0	1	0	0	0	0	0	0	0	0	0	0	0	0	0	0	0	2	0	0	0	1	0	0	0	2	0	0	0	14	9	0	3	2	0	0	0	0
OTU_584	0	0	0	5	0	2	7	0	0	0	0	5	3	4	0	0	0	0	0	0	0	0	0	3	1	0	0	0	10	0	0	0	4	4	4	1	0	0	0	4
OTU_658	0	0	0	0	0	5	11	0	0	0	0	8	4	20	0	0	0	0	0	0	0	0	0	0	0	0	0	0	6	0	0	0	0	14	3	9	0	0	0	1
OTU_291	7	0	0	75	0	0	0	0	0	0	0	0	0	0	0	0	0	0	0	2	0	0	0	110	0	0	0	0	0	0	0	1	1	0	0	0	0	0	0	0
OTU_363	0	0	96	39	0	1	13	0	4	0	33	4	16	6	0	0	21	0	0	0	92	0	1	54	0	0	0	0	11	0	1	0	1	6	0	1	0	0	0	13
OTU_472	0	0	0	0	0	3	18	0	0	0	0	15	10	9	0	0	0	0	0	0	0	0	0	0	0	0	0	0	18	0	0	0	0	7	20	3	0	0	0	6
OTU_361	0	0	0	0	0	1	54	0	0	0	0	21	8	8	0	0	0	0	0	0	0	0	0	0	0	0	0	0	31	0	0	0	0	14	15	0	0	0	0	8
OTU_768	0	0	26	0	0	1	0	0	0	0	0	0	1	0	0	0	8	0	0	0	27	0	0	0	0	0	0	0	0	0	0	0	0	0	0	0	0	0	0	4
OTU_696	0	0	0	0	1	2	13	0	0	0	0	1	0	4	0	0	0	0	0	0	0	0	0	0	2	0	0	0	17	0	0	0	0	5	5	2	0	0	0	0
OTU_435	0	0	0	5	0	23	14	1	0	0	0	50	48	16	0	0	5	0	0	0	0	0	0	0	0	0	0	0	14	0	0	0	0	22	40	18	0	0	0	30
OTU_582	0	0	1	2	0	0	2	0	0	4	3	0	10	48	0	3	1	0	0	3	1	0	0	3	0	0	0	0	0	5	0	0	1	65	1	0	0	0	0	10
OTU_452	0	0	20	3	0	12	0	0	2	0	5	0	0	0	0	0	12	0	0	0	18	0	0	1	0	0	0	0	0	1	0	0	0	0	0	10	1	0	0	0
OTU_496	0	2	46	5	0	0	0	0	0	0	3	0	0	17	0	0	9	0	0	0	29	0	1	0	0	0	0	0	0	0	0	0	0	12	1	0	0	0	0	0
OTU_244	1	0	2	3	0	1	0	0	0	59	0	0	0	0	0	0	2	0	0	0	0	0	0	5	2	0	0	0	0	0	2	264	140	0	0	1	0	0	0	2
OTU_844	0	0	2	6	0	5	12	0	0	0	0	0	2	10	0	0	1	0	0	0	1	0	1	7	0	0	0	0	4	0	0	0	0	9	1	2	0	0	0	5
OTU_1012	1	0	0	0	0	2	0	0	0	0	0	1	0	2	0	0	0	9	0	5	0	0	0	0	0	13	0	0	1	0	0	0	0	0	0	2	0	0	0	2
OTU_786	0	0	0	9	0	0	0	0	0	3	0	0	3	0	0	0	0	0	0	0	0	0	0	14	0	0	0	0	0	0	0	18	3	0	0	0	0	0	0	7
OTU_203	0	0	0	0	1	0	0	0	0	34	0	66	0	0	0	0	0	0	0	0	0	0	0	0	0	0	0	0	0	0	0	285	148	0	74	0	0	0	0	0
OTU_326	0	0	0	3	0	3	9	0	0	0	1	18	16	28	0	0	0	0	0	0	0	0	0	0	0	0	0	0	6	0	0	0	0	24	27	2	0	0	0	8
OTU_609	11	0	0	5	2	0	2	0	0	0	0	0	1	0	3	0	1	0	0	11	0	0	0	1	10	0	0	0	0	0	0	15	7	0	0	0	0	0	0	0
OTU_508	0	0	0	8	0	22	4	0	0	0	0	0	0	0	0	0	0	0	0	0	0	0	0	16	0	0	0	0	2	0	0	0	0	0	0	18	0	0	0	0
OTU_348	17	0	0	1	1	2	5	0	1	9	0	18	3	5	1	0	0	5	0	57	0	0	0	1	3	7	0	0	2	0	0	8	4	6	23	4	1	0	0	3
OTU_871	0	0	0	0	0	1	4	0	1	0	0	2	27	1	0	0	0	0	0	0	0	0	0	0	0	1	0	0	8	0	0	0	0	5	6	0	0	0	0	20
OTU_140	0	0	4	2	0	36	168	2	4	0	1	48	165	82	0	0	0	0	0	2	0	0	1	1	0	0	0	0	96	0	0	0	0	99	80	22	0	0	0	135
OTU_167	0	1	0	7	1	16	27	0	3	0	4	14	7	1	0	5	1	0	371	0	0	0	2	0	0	5	14	0	14	3	9	0	0	1	22	6	14	2	1	10
OTU_209	1	1	0	2	13	24	68	1	0	6	2	36	6	31	0	0	0	1	0	1	0	0	0	0	9	1	0	0	59	0	0	13	14	39	43	33	0	0	0	7
OTU_168	0	0	4	29	0	33	126	1	1	0	6	63	57	58	0	0	3	0	0	0	1	0	0	21	0	0	13	0	106	1	0	0	1	51	60	34	0	0	1	72
OTU_176	0	0	0	0	0	2	0	0	0	0	0	0	240	0	0	0	0	2	0	0	0	0	0	0	0	1	0	0	0	0	0	0	0	0	0	1	0	0	0	254
OTU_945	0	0	0	0	0	2	3	0	0	0	0	5	4	7	2	0	0	0	0	0	0	0	0	0	0	0	0	0	2	0	0	0	0	3	5	1	0	0	0	2
OTU_237	0	0	0	2	0	15	92	0	0	0	0	67	20	15	0	1	1	0	12	0	0	0	1	0	0	1	0	0	63	0	4	0	3	15	95	6	0	0	3	12
OTU_1088	0	0	0	0	2	0	6	0	0	0	0	0	0	3	0	0	0	0	0	0	0	0	0	0	1	0	0	0	1	0	0	0	0	7	0	0	0	0	0	1
OTU_747	0	0	4	1	0	18	0	0	0	0	2	2	2	0	0	0	0	0	0	0	0	0	0	5	0	0	0	0	2	0	0	0	0	2	5	16	0	0	0	0
OTU_265	0	0	0	0	0	0	185	0	0	0	0	0	0	0	0	0	0	0	0	0	0	0	0	0	0	0	0	0	149	0	0	0	0	0	0	0	0	0	0	0
OTU_223	0	0	6	0	0	6	96	0	0	0	1	6	42	42	0	0	0	0	0	0	12	0	0	0	0	0	0	0	89	0	0	0	0	50	5	9	0	0	1	42
OTU_184	0	0	0	0	0	2	2	0	0	0	0	0	0	192	0	0	0	0	0	0	0	0	0	0	0	0	0	0	0	0	0	0	0	221	3	4	0	0	0	3
OTU_640	0	0	0	0	0	2	10	0	0	0	0	14	3	4	0	0	0	0	0	0	0	0	0	0	0	0	0	0	5	0	0	0	0	4	12	5	0	0	0	4
OTU_955	0	1	0	0	0	1	3	0	0	0	2	0	1	0	0	6	0	0	1	0	0	0	0	0	0	0	0	0	2	3	0	0	0	0	0	3	0	0	0	0
OTU_151	168	0	0	220	0	0	0	0	0	1	0	0	0	0	0	0	0	0	0	279	0	0	0	219	0	0	0	0	0	0	0	13	4	0	0	0	0	0	0	0
OTU_599	0	0	0	0	0	0	0	0	0	0	0	0	4	20	0	0	0	0	0	0	0	0	0	0	0	0	0	0	0	0	0	0	0	27	0	0	0	0	0	3
OTU_165	0	0	3	0	0	16	3	0	0	0	0	18	3	223	0	0	0	0	0	0	2	0	0	0	0	0	0	0	3	0	0	0	0	257	33	11	0	0	0	3
OTU_254	0	0	0	0	0	0	0	0	0	0	0	0	0	0	0	1	0	0	7	0	0	6	0	0	0	0	7	0	0	2	288	0	0	0	0	0	71	0	1	0
OTU_157	9	1	0	3	0	73	13	4	17	5	3	3	19	208	0	4	0	2	0	6	0	0	0	11	0	10	0	0	17	4	0	3	7	208	2	55	0	0	5	17
OTU_623	0	0	0	0	0	5	5	0	0	0	0	37	10	8	0	0	1	0	0	0	0	0	0	0	0	0	0	0	9	0	0	0	0	11	48	4	0	0	0	6
OTU_516	0	0	0	0	0	5	9	0	0	0	0	14	5	7	0	0	0	0	0	0	0	0	0	1	0	0	0	0	10	0	0	0	0	8	21	3	0	0	0	2
OTU_412	0	0	0	1	0	0	57	0	0	0	0	6	0	0	0	0	0	0	0	0	0	0	0	0	0	0	0	0	53	0	0	0	0	0	1	0	0	0	0	0
OTU_187	0	0	0	0	0	25	11	0	0	0	0	41	106	44	0	0	0	1	0	0	0	0	0	3	0	0	0	0	20	0	0	0	0	47	36	28	0	0	0	64
OTU_528	0	0	0	0	0	1	10	0	0	0	0	26	0	8	0	0	0	0	0	0	0	0	0	0	0	0	0	0	11	0	0	0	0	21	18	0	0	0	0	2
OTU_1045	0	0	0	0	0	0	1	0	0	0	0	3	3	0	0	0	0	0	0	0	0	0	0	0	0	0	0	0	5	0	0	0	0	1	1	0	0	0	0	4
OTU_199	0	0	0	0	0	7	51	0	0	0	0	11	0	138	0	0	0	0	0	0	0	0	0	0	0	0	0	0	46	0	0	0	0	160	6	4	0	0	0	0
OTU_734	0	0	0	0	0	4	2	1	0	0	0	0	0	0	0	0	0	0	2	0	0	0	0	0	0	0	0	0	2	0	0	15	7	4	2	2	0	0	0	0
OTU_858	0	0	0	0	0	0	29	0	0	0	0	0	0	1	0	0	0	0	0	0	0	0	0	0	0	0	0	0	6	0	0	0	0	1	3	0	0	0	0	0
OTU_229	0	0	0	0	0	1	0	0	0	0	0	134	0	3	0	0	0	0	0	0	0	0	0	0	0	0	0	0	0	0	0	0	0	5	181	0	0	0	0	0
OTU_465	0	0	2	0	0	10	28	0	0	0	0	23	11	13	0	0	0	0	0	0	0	0	0	0	0	0	0	0	14	0	0	0	0	13	39	13	0	0	0	19
OTU_477	0	0	0	0	5	0	10	1	0	0	2	0	27	4	0	0	0	0	0	1	0	0	0	0	10	0	0	0	0	0	0	0	0	3	2	0	0	0	0	27
OTU_448	0	0	0	0	17	1	2	0	0	0	0	8	5	3	0	0	2	0	0	0	0	0	0	0	18	0	0	0	3	0	0	0	0	2	9	0	0	0	0	9
OTU_289	0	0	0	0	0	30	2	0	0	0	0	2	2	57	0	0	0	0	0	0	0	0	0	0	0	0	0	0	1	0	0	0	0	69	5	34	0	0	0	2
OTU_773	0	0	0	0	0	14	1	0	0	0	0	0	3	0	0	0	0	0	0	0	0	0	0	0	0	0	0	0	2	0	0	0	0	0	1	13	0	0	0	3
OTU_135	0	0	1	1	4	31	49	0	21	6	2	88	174	20	0	0	7	0	0	0	1	0	0	0	3	0	1	0	58	0	1	0	3	29	115	29	1	0	0	195
OTU_576	0	0	0	0	0	1	8	0	0	0	0	9	0	5	0	0	0	0	0	0	0	0	0	0	0	0	0	0	6	0	0	0	0	8	23	3	0	0	0	1
OTU_799	0	0	0	0	1	7	0	0	0	0	2	5	2	5	0	0	0	0	0	0	0	0	0	0	0	0	0	1	0	0	0	0	0	4	0	0	0	0	0	3
OTU_258	0	0	1	13	0	0	0	0	0	0	49	0	0	0	0	0	217	0	0	0	2	0	0	24	0	0	0	0	0	0	0	0	0	0	0	0	0	0	0	0
OTU_541	0	0	2	2	0	26	0	8	0	0	4	2	17	0	0	0	0	4	0	0	2	0	1	3	0	0	0	0	0	2	0	0	0	2	2	32	0	0	6	16
OTU_931	0	9	0	0	0	0	0	4	6	0	0	0	0	0	0	2	0	7	0	0	0	1	6	1	0	5	3	0	0	2	0	0	0	0	0	0	4	2	1	0
OTU_818	0	0	0	0	0	0	7	0	0	0	0	1	1	0	0	0	0	0	0	0	1	0	0	0	0	0	0	0	4	0	0	0	0	6	8	0	0	0	0	1
OTU_754	0	0	0	0	0	0	3	0	0	0	0	0	11	1	0	0	0	0	0	0	0	0	0	0	0	0	0	0	4	0	0	0	0	0	0	0	0	0	0	18
OTU_445	0	0	0	0	1	2	4	0	0	0	0	11	8	40	0	0	0	0	0	0	0	0	0	1	2	0	0	0	10	0	0	0	0	43	13	4	0	0	0	5
OTU_733	1	0	0	1	0	0	0	0	0	0	0	1	0	11	0	0	0	0	0	6	0	0	0	0	0	0	0	0	3	0	0	9	2	14	1	0	0	0	0	0
OTU_247	0	0	0	0	0	96	41	0	0	0	0	2	19	8	0	18	0	0	0	0	0	1	0	0	0	0	0	0	30	14	0	0	0	3	9	67	0	0	0	14
OTU_714	0	0	0	0	0	0	4	0	0	0	0	21	0	0	0	0	0	0	0	0	0	0	0	0	0	0	0	0	0	0	0	0	0	0	15	1	0	0	0	0
OTU_957	0	5	0	1	0	0	0	0	1	0	1	1	1	0	0	0	2	0	0	0	0	1	3	2	0	0	7	0	0	0	0	0	0	0	0	0	0	2	2	2
OTU_328	2	2	18	6	18	0	34	0	1	0	35	16	6	11	0	0	14	0	1	1	4	0	3	4	29	0	6	0	23	0	4	0	1	19	39	0	1	0	1	4
OTU_416	0	0	0	7	0	14	13	1	0	0	0	26	13	8	0	0	0	0	0	0	0	0	0	7	0	0	0	0	20	1	0	0	0	18	16	16	0	0	0	13
OTU_879	0	0	0	0	0	1	6	0	0	5	0	13	0	1	0	0	1	0	0	0	0	0	0	0	0	0	0	0	0	0	0	0	0	0	6	0	0	0	0	0
OTU_566	0	0	0	0	0	6	16	0	1	0	0	10	10	6	0	0	0	0	0	0	0	0	0	0	0	0	0	0	11	0	0	0	0	7	22	2	0	0	0	3
OTU_521	0	0	0	0	0	8	25	0	0	0	0	13	9	23	0	0	2	0	0	0	0	0	0	1	0	0	0	0	7	0	0	0	0	24	19	14	0	0	0	11
OTU_636	0	0	0	0	0	2	13	0	0	0	0	5	26	0	0	0	1	0	0	0	0	0	0	0	0	0	0	0	18	0	0	0	0	0	1	0	0	0	0	23
OTU_428	16	0	0	12	35	4	8	0	0	2	0	4	5	1	2	0	1	0	0	14	0	0	0	12	48	0	0	0	15	0	0	6	6	1	3	3	0	0	0	2
OTU_522	0	0	0	0	0	0	0	0	0	0	0	27	0	0	0	0	0	0	0	0	0	0	0	0	1	0	0	0	0	0	0	0	0	0	42	0	0	0	0	0
OTU_631	0	0	0	1	0	3	10	0	0	0	0	8	2	7	0	1	0	0	0	6	0	0	0	0	0	0	0	0	12	1	0	0	0	4	13	6	0	0	0	4
OTU_307	0	0	0	1	0	0	0	0	0	0	0	0	0	0	8	0	0	0	11	4	0	0	0	0	0	0	0	0	0	0	0	278	105	0	0	0	0	0	0	0
OTU_537	13	3	0	13	3	4	0	1	2	1	12	5	2	2	5	0	4	2	1	12	3	0	5	9	0	6	9	0	0	5	5	10	1	1	7	12	1	1	2	5
OTU_279	0	0	0	1	0	0	27	0	0	0	0	21	48	9	0	0	0	0	1	1	0	0	0	1	0	0	0	0	17	0	0	0	0	5	36	0	2	0	0	39
OTU_1023	0	0	0	0	0	11	0	0	0	0	0	0	0	0	0	0	0	0	3	0	0	0	0	0	0	2	0	0	0	0	0	0	0	0	0	7	1	0	0	0
OTU_798	0	0	0	0	0	0	20	0	0	0	0	0	0	0	0	0	0	0	0	0	0	0	0	0	0	0	0	0	8	0	0	0	0	0	1	0	0	0	0	0
OTU_398	0	0	0	0	0	0	0	0	0	0	0	0	64	1	0	0	11	0	0	0	0	0	0	0	0	0	0	0	1	0	1	0	0	0	0	0	0	0	0	58
OTU_639	0	0	0	0	0	0	0	0	0	0	0	7	37	0	0	5	0	1	0	0	0	0	0	0	0	3	0	0	0	6	0	0	0	0	3	0	2	0	0	27
OTU_652	0	0	2	0	18	1	0	0	0	0	4	6	0	0	3	0	18	0	0	0	0	0	0	4	20	0	14	0	0	0	0	2	0	0	0	3	0	3	0	0
OTU_270	0	0	0	0	0	0	117	0	0	0	0	0	0	0	0	13	0	0	1	0	0	0	0	0	0	3	28	0	140	13	0	0	0	0	0	0	0	8	0	0
OTU_869	0	0	0	0	0	0	21	0	0	0	0	4	2	3	0	0	0	0	0	0	0	0	0	0	0	0	0	0	15	0	0	0	0	4	11	4	0	0	0	0
OTU_316	13	0	0	1	1	6	36	0	0	18	0	7	9	3	0	0	0	0	0	42	0	0	0	2	2	0	0	0	22	0	0	2	0	16	10	1	0	0	1	12
OTU_463	0	12	0	0	0	0	0	0	0	0	0	0	0	0	0	0	0	0	0	0	0	30	15	2	0	0	0	0	0	0	0	0	0	0	0	0	5	0	0	0
OTU_1157	0	0	0	0	1	3	0	0	0	0	0	6	1	0	0	0	0	0	0	0	0	0	0	1	0	0	0	4	0	0	0	0	0	0	14	2	0	0	0	0
OTU_695	0	0	0	0	6	0	8	0	0	0	0	1	0	0	0	0	7	0	0	0	1	0	0	0	12	0	0	0	8	0	0	4	1	2	13	0	0	0	0	0
OTU_1085	0	0	0	1	0	0	8	0	0	0	0	0	0	0	0	0	0	0	0	0	0	0	0	0	1	0	0	0	13	0	0	0	0	0	0	1	0	0	0	0
OTU_868	2	0	0	0	0	7	14	0	0	0	0	14	7	9	0	1	1	0	0	0	0	0	0	0	0	0	0	0	22	0	0	0	0	13	22	2	0	0	0	11
OTU_290	0	1	4	4	0	0	34	0	0	0	0	0	44	1	0	0	0	0	0	0	1	0	3	3	0	0	0	0	29	0	0	0	0	13	0	0	3	0	0	30
OTU_362	1	1	79	19	3	1	0	1	3	0	22	0	0	0	0	0	17	1	0	5	43	0	0	23	0	4	1	2	0	1	5	0	0	0	0	0	0	4	0	1
OTU_926	0	0	1	0	0	3	17	0	0	0	0	0	4	0	0	0	0	0	0	0	0	0	0	0	0	0	0	0	10	0	0	0	0	0	0	1	0	0	0	4
OTU_475	0	0	0	1	0	8	42	0	0	0	0	2	0	0	1	0	0	0	0	0	0	0	2	0	0	0	0	0	41	0	0	0	0	0	0	6	0	0	0	0
OTU_421	0	6	0	1	0	10	1	3	12	8	0	4	18	0	0	0	0	7	0	0	0	0	8	0	0	1	0	0	3	0	0	5	7	0	9	10	3	0	1	17
OTU_525	1	1	0	2	0	3	1	0	1	0	0	2	6	17	0	0	1	0	0	3	0	0	0	1	0	0	0	0	5	0	0	0	0	18	6	1	0	0	0	2
OTU_994	2	0	0	4	0	0	5	0	0	0	0	0	0	0	0	0	0	2	0	0	0	0	0	0	0	7	0	0	6	0	0	0	0	0	0	1	0	0	0	2
OTU_243	2	0	0	2	0	20	46	2	0	0	0	22	18	43	0	0	0	0	0	0	0	0	0	2	0	0	0	0	35	1	0	0	0	55	41	10	4	0	1	13
OTU_399	2	0	0	6	8	0	1	0	0	0	1	0	0	0	0	0	105	0	0	10	0	0	0	6	3	0	0	0	0	0	0	0	3	0	0	0	0	0	0	0
OTU_531	0	1	5	2	0	0	0	0	14	1	10	1	1	0	3	1	0	22	0	2	1	1	1	1	0	18	1	0	0	0	2	1	0	0	1	1	2	0	0	1
OTU_553	0	0	0	0	0	20	7	0	0	0	0	11	0	0	0	0	0	0	0	2	0	0	1	0	0	0	0	0	3	0	1	0	0	3	8	5	0	0	0	0
OTU_570	0	0	0	1	0	3	29	1	0	0	0	21	28	6	0	0	1	0	0	0	0	0	0	1	0	0	0	0	22	0	0	0	0	11	19	0	0	0	0	27
OTU_388	0	0	0	3	0	0	0	0	0	0	5	0	0	0	0	0	1	0	0	0	0	0	0	7	0	0	0	0	0	0	0	0	0	0	0	0	136	0	0	0
OTU_777	0	0	0	0	0	0	7	1	0	0	0	2	4	4	0	0	0	0	0	0	0	0	0	0	0	0	0	0	6	0	0	0	0	6	4	1	0	0	1	5
OTU_697	0	0	0	0	0	0	4	0	0	0	0	11	1	4	0	0	0	0	0	0	0	0	0	0	0	0	0	0	8	0	0	0	0	1	13	0	0	0	0	5
OTU_968	0	0	0	2	0	5	13	0	0	0	1	8	5	6	0	1	0	0	0	1	0	0	0	2	1	0	0	0	9	0	0	0	0	8	7	4	0	0	0	8
OTU_273	7	0	0	2	2	11	51	0	0	5	0	25	14	25	5	0	5	0	0	8	0	0	1	3	7	0	0	3	55	0	0	7	3	17	47	3	0	0	0	8
OTU_1103	0	0	0	3	0	3	0	0	0	0	0	2	0	6	0	0	0	0	0	0	0	0	0	0	1	0	0	0	0	0	0	4	1	6	4	2	0	0	0	1
OTU_1130	0	0	0	0	0	0	9	0	0	0	0	1	1	0	0	0	0	0	0	0	0	0	0	0	0	0	0	0	5	0	0	0	0	1	2	1	0	0	0	1
OTU_666	0	0	0	0	1	7	0	2	0	0	0	3	4	1	0	2	0	0	0	0	0	0	0	0	1	0	0	0	1	0	0	0	0	3	4	4	0	0	0	5
OTU_546	0	0	0	0	13	1	7	0	0	0	0	27	1	6	2	0	3	0	0	7	1	0	1	2	5	0	3	0	2	0	0	0	2	14	16	3	0	0	0	1
OTU_530	0	0	0	0	2	0	4	0	0	0	0	7	15	5	0	0	0	0	0	0	0	0	0	1	0	0	0	0	2	0	0	0	0	5	10	1	0	0	0	15
OTU_597	0	0	4	0	0	2	44	0	0	0	0	5	4	2	0	0	0	0	0	0	1	0	0	0	0	0	0	0	28	0	0	0	0	6	5	3	0	0	0	4
OTU_402	0	0	2	0	0	1	4	0	0	0	0	74	6	18	0	0	0	0	0	0	0	0	0	0	0	0	0	0	3	0	0	0	0	15	66	0	0	0	0	2
OTU_230	0	0	0	0	132	0	0	0	0	0	5	0	0	0	0	0	336	0	0	0	0	0	0	0	166	0	0	0	0	0	0	0	0	0	0	0	0	0	0	0
OTU_314	8	0	0	0	0	3	46	0	0	0	4	19	0	2	0	0	0	5	2	17	0	0	0	0	0	2	0	0	53	0	0	0	0	0	22	1	0	0	0	1
OTU_1206	0	0	0	0	0	0	0	0	0	0	0	0	2	0	0	0	1	2	0	0	0	0	0	0	0	0	0	0	0	0	0	0	0	0	2	1	0	3	0	1
OTU_439	0	0	0	0	0	0	0	0	0	0	0	43	0	0	0	0	0	0	0	0	0	0	0	0	0	0	0	0	0	0	0	0	0	0	60	0	0	0	0	0
OTU_310	0	0	0	0	0	3	15	0	0	0	0	11	7	36	0	0	0	0	0	0	0	0	0	0	0	0	0	0	15	0	0	0	0	62	29	9	0	0	0	14
OTU_591	0	0	6	8	0	0	17	0	0	0	14	0	4	0	0	0	0	0	0	0	4	0	0	5	0	0	0	0	7	0	2	0	0	0	0	0	0	0	0	2
OTU_1108	0	0	0	0	0	0	0	0	0	0	0	0	0	0	0	13	0	0	0	0	0	0	0	0	0	0	0	0	0	4	0	0	0	0	0	0	0	0	0	0
OTU_395	0	0	0	1	1	20	11	1	0	0	0	18	12	21	0	0	0	0	0	0	0	0	0	0	0	0	0	0	15	0	0	0	0	26	23	18	0	0	1	12
OTU_497	0	0	2	0	0	2	12	0	0	0	0	3	53	4	0	0	5	0	1	0	0	0	1	0	0	0	0	0	2	1	0	0	0	5	1	4	2	0	0	50
OTU_701	0	0	0	8	0	2	3	0	0	3	0	0	0	16	5	0	4	0	0	0	0	0	0	14	0	0	0	5	0	0	0	3	4	9	2	0	0	0	0	2
OTU_554	0	0	0	3	0	4	21	0	0	0	0	13	0	9	0	0	0	0	0	0	0	0	0	0	0	0	0	0	20	0	0	0	0	15	17	1	0	0	0	2
OTU_718	0	0	5	0	0	0	3	0	0	0	1	1	27	0	0	0	1	0	0	0	0	0	2	0	0	1	0	0	0	0	0	0	0	0	0	0	0	0	1	24
OTU_723	0	0	0	0	0	0	22	0	0	0	0	5	2	6	0	0	0	0	0	0	0	0	0	0	0	0	0	0	10	0	0	0	0	4	4	0	0	0	0	2
OTU_236	5	0	22	36	5	6	12	0	0	3	21	14	2	2	3	0	3	8	0	13	7	3	1	69	4	10	0	0	8	0	0	0	2	2	23	7	1	1	0	5
OTU_612	0	1	1	0	2	0	9	8	2	0	2	30	1	18	0	0	1	1	0	0	0	0	0	0	0	0	5	0	8	0	0	0	0	9	36	0	0	0	1	1
OTU_647	0	0	0	0	0	0	6	0	0	0	0	16	0	2	0	0	0	0	0	0	0	0	0	0	0	0	0	0	7	0	0	0	0	0	18	0	0	0	0	1
OTU_285	0	0	0	6	30	0	0	0	0	0	0	0	0	0	1	0	4	0	0	0	0	0	0	3	22	0	0	3	0	0	0	151	112	0	0	0	0	0	0	0
OTU_646	0	0	1	0	1	7	22	1	0	0	3	12	12	8	0	0	1	0	0	0	0	0	0	2	0	0	0	0	8	0	0	0	0	13	7	8	0	0	1	9
OTU_752	0	0	0	0	0	21	0	0	0	0	0	0	0	0	0	0	0	0	0	0	0	0	0	0	0	0	0	0	0	0	0	0	0	1	0	14	0	0	0	0
OTU_889	0	0	0	0	0	0	15	0	0	0	0	1	0	0	0	0	0	0	0	0	0	0	0	0	0	0	0	0	6	0	0	0	0	0	1	1	0	0	0	1
OTU_1089	0	0	0	0	0	4	4	0	0	0	0	15	5	3	0	0	0	0	0	0	0	0	0	0	0	0	0	0	7	0	0	0	0	1	6	4	0	0	0	5
OTU_284	0	0	0	2	0	10	0	0	0	1	0	2	88	3	0	0	0	0	0	0	0	0	0	1	0	0	0	0	0	0	0	0	2	4	2	8	0	0	0	62
OTU_738	0	0	0	3	7	1	14	0	0	0	0	0	2	1	2	0	7	0	0	1	0	4	0	3	11	0	4	0	1	0	0	2	0	0	0	0	0	0	0	1
OTU_820	0	0	2	0	0	8	1	0	0	0	0	0	2	0	0	0	0	0	0	0	1	0	0	0	0	0	0	0	0	0	0	0	0	0	2	17	0	0	0	0
OTU_796	0	0	0	0	0	0	0	0	0	0	0	0	13	3	0	0	0	0	0	0	0	0	0	0	0	0	0	0	0	0	0	0	0	2	11	0	0	0	0	4
OTU_944	0	0	0	0	0	3	0	0	0	0	0	14	3	1	0	0	0	0	0	1	0	0	0	0	0	0	0	0	0	0	0	0	0	1	6	3	1	0	0	0
OTU_358	0	0	0	0	0	1	2	13	11	0	0	7	4	0	0	0	0	54	0	0	0	1	0	0	0	57	0	0	2	0	0	1	0	0	8	0	0	0	17	3
OTU_261	0	0	0	11	0	0	21	0	0	0	0	9	4	155	0	0	1	0	0	6	0	0	0	13	0	0	0	0	17	0	0	0	0	209	4	0	0	0	0	1
OTU_720	0	0	0	0	0	1	30	0	0	0	0	11	6	2	0	0	0	0	0	0	0	0	0	0	1	0	0	0	25	0	0	0	0	2	13	0	0	0	0	6
OTU_183	0	0	0	14	0	0	0	0	0	0	0	147	47	4	0	0	0	0	0	0	0	0	0	10	0	0	0	0	0	0	0	0	0	2	198	0	0	0	0	22
OTU_267	0	39	4	2	0	0	0	2	31	0	1	0	0	0	0	3	0	0	8	0	0	3	50	2	0	0	3	0	0	1	9	0	0	0	0	0	4	0	2	0
OTU_352	0	0	0	1	4	8	1	0	0	0	0	41	6	7	0	0	0	0	0	0	0	0	0	1	1	0	0	0	1	0	0	0	0	4	42	6	0	0	0	3
OTU_607	0	0	0	0	0	3	18	0	0	0	0	11	2	3	0	0	0	0	0	0	0	0	0	0	0	0	0	0	6	0	0	0	0	4	11	0	0	0	0	6
OTU_878	0	0	0	0	0	3	10	0	0	0	0	11	2	2	0	0	0	0	0	0	0	0	0	0	1	0	0	0	7	0	0	0	0	2	16	3	0	0	0	3
OTU_379	0	0	0	0	0	3	1	0	0	0	0	43	9	2	0	0	0	0	0	0	0	0	0	0	0	0	0	0	11	0	3	0	0	0	41	2	0	0	1	9
OTU_650	0	0	1	0	0	3	4	1	0	0	0	22	0	9	0	0	0	0	0	0	0	0	0	0	0	0	0	0	5	0	0	0	0	4	25	6	0	0	0	0
OTU_298	0	0	0	1	0	6	35	0	0	0	0	50	31	68	0	0	0	0	0	0	0	0	0	1	0	0	0	0	19	0	0	0	0	91	62	9	0	0	0	24
OTU_789	0	0	0	0	0	0	8	0	0	0	0	1	9	0	0	0	1	0	0	0	0	0	0	0	0	0	0	0	8	0	0	0	0	0	0	0	0	1	0	8
OTU_449	0	0	0	0	1	8	36	0	0	0	0	17	1	9	0	0	0	0	0	0	0	0	0	1	0	0	0	0	27	0	0	0	0	12	22	6	0	0	0	4
OTU_550	0	0	0	0	0	6	9	0	0	0	0	8	4	19	0	0	0	0	0	0	0	0	0	0	0	0	0	0	3	0	0	0	0	19	14	1	0	0	0	1
OTU_481	0	0	0	0	0	7	17	0	0	0	0	14	7	13	0	0	0	0	0	0	0	0	0	0	0	0	0	0	11	0	0	0	0	8	17	2	0	0	0	4
OTU_315	0	0	0	2	0	10	18	0	0	0	0	33	31	3	0	0	0	0	0	0	0	0	0	3	0	0	0	0	12	0	0	0	0	7	59	1	0	0	0	33
OTU_603	0	0	4	0	0	11	0	0	0	0	0	3	1	6	0	0	0	0	0	0	3	0	0	0	0	0	0	0	0	0	0	0	0	12	4	8	0	0	0	1
OTU_997	0	0	0	1	0	2	3	0	0	0	0	2	2	5	0	0	0	0	0	0	0	0	0	0	0	0	0	0	8	0	0	0	0	3	2	5	0	0	0	3
OTU_572	1	0	0	0	0	9	26	0	0	0	0	17	9	14	0	0	0	0	0	0	0	0	0	0	0	0	0	0	25	0	0	0	0	10	14	5	0	0	0	11
OTU_901	0	0	0	0	0	9	1	0	0	0	0	1	0	0	0	0	0	0	0	0	0	0	0	0	0	0	0	0	0	0	0	0	0	0	3	12	0	0	0	0
OTU_351	0	0	0	0	0	0	1	0	0	0	79	22	3	2	0	0	0	0	0	0	0	0	0	0	0	0	0	0	3	0	0	0	0	5	29	2	0	0	0	4
OTU_702	0	0	0	0	0	1	0	5	0	0	0	4	6	2	0	18	0	0	0	0	0	2	4	0	0	0	0	0	0	10	2	0	0	1	1	0	1	0	1	6
OTU_318	0	0	0	1	0	8	12	0	0	0	0	0	0	107	8	0	0	0	0	0	0	0	0	3	0	0	0	0	1	0	0	0	0	129	0	4	0	0	0	0
OTU_462	0	0	1	0	0	0	0	0	0	0	37	0	0	0	0	0	11	0	0	1	0	0	0	1	0	0	0	0	0	1	0	0	0	0	1	0	95	0	0	0
OTU_660	0	0	32	0	0	4	0	5	1	0	2	0	40	1	0	1	2	3	0	0	25	1	1	0	0	9	0	0	0	0	15	0	0	0	3	7	4	0	5	38
OTU_438	0	0	0	0	0	0	44	6	0	0	0	64	2	9	0	0	0	0	0	0	0	0	1	1	0	0	0	0	21	0	0	0	0	6	56	3	0	0	3	9
OTU_816	0	1	0	0	0	0	2	0	0	0	0	8	1	2	0	0	0	0	0	0	0	0	0	0	0	0	0	0	1	0	0	0	0	15	1	0	0	0	0	0
OTU_813	0	0	0	2	0	1	0	0	0	0	0	0	0	0	2	0	0	0	0	1	0	0	0	2	0	0	0	1	0	0	0	43	17	0	0	0	0	0	0	0
OTU_1057	0	0	0	0	0	4	1	0	0	0	0	1	0	1	0	0	0	0	0	0	0	0	0	0	0	0	0	0	4	0	0	1	0	5	1	0	0	0	0	0
OTU_397	1	0	0	1	3	2	2	0	0	2	1	2	0	0	0	0	117	0	0	4	0	0	0	10	9	0	0	0	3	0	0	7	5	0	1	0	0	0	0	1
OTU_216	0	0	0	2	0	1	54	2	2	0	3	7	19	81	0	0	0	1	1	0	0	0	0	1	0	0	0	0	45	0	0	0	3	92	14	1	0	0	0	17
OTU_685	0	0	0	16	0	0	3	0	0	0	0	0	7	0	0	2	0	0	0	0	0	0	0	10	0	0	0	0	3	0	2	0	0	0	0	0	0	0	0	6
OTU_1208	0	0	0	0	0	0	0	0	0	0	0	7	0	9	0	0	0	0	0	0	0	0	0	0	0	0	0	0	0	0	0	0	0	6	7	1	0	0	0	0
OTU_561	0	0	0	0	0	4	22	0	0	0	0	14	9	4	0	0	0	0	0	0	0	0	0	0	0	0	0	0	10	0	0	0	0	7	16	2	0	0	0	10
OTU_415	3	0	0	4	1	2	30	0	0	0	0	42	8	12	1	0	3	0	0	3	0	0	0	3	0	0	0	0	26	0	0	0	0	3	33	2	0	0	0	13
OTU_903	0	0	0	2	0	0	3	0	0	0	0	4	6	5	0	0	0	0	0	0	1	0	0	0	0	0	0	0	0	0	0	0	0	2	14	4	0	0	0	2
OTU_728	0	0	0	0	0	0	0	0	0	0	0	3	9	3	0	0	0	0	0	2	1	0	0	0	0	0	0	0	2	0	0	0	0	4	0	1	3	0	0	11
OTU_408	0	0	69	0	0	0	0	0	0	0	0	0	0	0	0	0	6	0	0	0	66	0	0	2	0	0	0	0	0	0	0	0	0	0	0	0	0	0	0	0
OTU_336	6	5	2	0	0	1	0	0	2	0	1	0	1	64	0	0	0	0	0	6	0	0	12	1	0	0	0	0	0	0	0	0	0	52	2	1	7	0	1	0
OTU_262	0	6	22	17	0	12	12	13	5	0	23	4	20	4	0	1	11	0	1	0	15	0	4	14	0	2	7	1	7	3	1	0	0	3	0	24	4	2	11	20
OTU_679	2	0	0	1	0	0	11	4	0	0	0	0	1	9	0	5	0	0	7	3	0	0	0	0	0	0	0	0	3	0	1	0	2	5	0	0	0	0	0	2
OTU_571	0	0	0	0	0	2	32	0	0	0	0	7	0	7	0	0	0	0	0	0	0	0	0	0	0	0	0	0	23	0	0	0	0	15	5	10	0	0	0	0
OTU_515	0	0	0	0	2	0	0	0	0	57	0	0	0	0	5	0	8	0	0	0	0	0	0	1	2	0	0	0	0	0	0	8	10	0	0	0	0	0	0	0
OTU_867	0	0	0	0	0	6	10	0	0	0	0	15	6	0	0	1	0	0	0	0	2	0	0	3	0	0	1	0	7	0	0	0	0	2	17	1	0	0	1	2
OTU_1118	0	0	4	0	0	0	0	0	0	2	0	0	0	0	0	0	0	0	0	0	14	0	0	0	0	0	0	0	0	0	0	0	0	0	2	0	0	0	0	0
OTU_484	0	0	0	0	0	0	0	0	0	0	0	0	0	0	0	38	0	0	0	0	0	0	0	0	0	0	0	0	0	27	0	0	0	0	0	0	0	0	0	0
OTU_807	0	0	0	0	0	0	4	0	0	0	0	6	0	18	0	0	0	0	0	0	0	0	0	0	0	0	0	0	10	0	0	0	0	11	7	2	0	0	0	0
OTU_542	0	0	0	0	0	0	0	0	0	0	0	0	34	0	0	0	0	0	0	0	0	0	0	0	0	0	0	0	0	0	0	0	0	3	0	0	0	0	0	35
OTU_562	0	0	0	0	0	20	0	0	0	0	5	59	0	1	0	0	0	0	0	2	0	0	0	0	0	0	0	0	1	0	0	0	1	1	48	21	0	0	0	0
OTU_710	13	0	0	1	0	3	0	0	0	0	0	6	3	1	1	0	0	0	0	11	0	0	0	0	2	3	0	1	0	0	0	6	0	0	1	0	0	0	1	1
OTU_486	0	0	0	0	0	0	0	0	0	0	0	0	5	0	0	0	0	1	0	0	0	0	0	0	0	4	0	0	0	0	2	0	0	0	0	0	69	0	0	4
OTU_1053	0	0	0	0	0	0	0	0	0	0	0	0	0	0	0	0	36	0	0	0	0	0	0	0	0	0	0	0	0	0	0	0	0	0	0	0	0	0	0	0
OTU_308	1	0	74	13	2	0	0	0	0	0	1	6	0	0	0	0	26	0	0	3	44	1	0	11	0	0	0	0	0	0	0	0	0	0	6	0	0	0	0	0
OTU_942	0	0	0	0	1	7	0	1	1	0	0	1	13	0	0	0	2	0	0	0	0	0	0	0	0	0	0	0	0	0	0	0	0	4	0	3	0	0	0	8
OTU_971	0	0	0	0	0	1	2	0	0	0	0	4	2	3	0	0	0	0	0	0	0	0	0	0	0	0	1	0	4	0	1	0	0	0	4	1	0	0	0	4
OTU_1146	0	0	1	2	1	0	7	0	0	0	0	1	5	2	0	0	2	0	0	0	2	0	0	0	0	0	0	0	3	0	0	0	0	4	2	1	0	0	0	5
OTU_730	0	0	0	0	0	1	2	0	0	0	0	5	1	3	0	0	0	0	0	0	0	0	0	0	0	0	0	0	12	0	0	0	0	7	17	0	0	0	0	3
OTU_393	0	0	0	0	0	2	0	0	1	0	0	0	48	1	0	0	0	0	0	0	0	0	0	0	0	0	0	0	0	0	0	0	0	4	1	2	0	0	0	43
OTU_539	0	0	0	0	0	7	8	0	0	14	0	3	1	2	0	0	0	0	0	0	0	0	0	0	1	0	0	0	23	0	0	14	4	2	0	7	0	0	0	2
OTU_920	6	0	0	2	2	0	1	0	0	0	0	1	0	0	0	0	1	0	0	4	0	0	0	1	13	0	0	0	0	0	0	3	9	0	0	0	0	0	0	0
OTU_683	26	0	0	0	1	0	3	0	0	0	0	0	0	0	0	0	1	0	0	34	0	0	0	0	0	0	0	0	1	0	0	0	0	1	0	0	0	0	0	0
OTU_641	0	0	0	0	5	24	3	0	0	0	0	12	1	4	0	0	0	0	0	0	0	0	0	0	2	0	0	0	2	0	0	0	0	1	9	16	0	0	0	1
OTU_621	0	0	0	0	0	3	7	0	0	0	2	8	14	2	0	0	0	0	0	0	0	0	0	0	0	0	0	0	6	0	0	0	0	6	5	1	0	0	0	6
OTU_724	0	0	0	0	0	1	4	0	0	0	0	18	0	6	0	0	0	0	0	0	0	0	1	0	0	0	0	0	0	0	0	0	0	3	12	4	0	0	0	3
OTU_1037	0	0	0	0	0	1	1	0	0	0	0	15	0	2	0	0	0	0	0	0	0	0	0	0	0	0	0	0	0	0	0	0	0	1	4	3	0	0	0	0
OTU_653	0	0	0	0	0	0	5	0	0	0	0	2	2	24	0	0	0	0	0	0	0	0	0	0	0	0	0	0	0	0	0	0	0	29	1	0	0	0	0	3
OTU_309	0	0	0	0	0	2	5	0	0	0	0	5	5	3	0	0	0	0	0	0	0	0	0	0	0	0	249	0	7	0	0	0	0	3	0	0	0	117	0	2
OTU_455	0	0	82	0	0	0	0	0	0	0	0	0	1	0	0	0	9	0	0	0	52	0	0	0	0	0	0	0	2	0	0	0	0	0	0	0	0	0	0	9
OTU_836	0	0	0	0	1	0	0	1	0	0	0	12	5	7	0	0	0	0	0	0	0	0	0	1	6	0	0	0	3	0	0	0	0	5	17	2	0	0	0	7
OTU_935	0	0	0	0	0	0	4	0	0	0	0	4	0	1	0	0	0	0	0	0	0	0	0	0	0	0	0	0	8	0	0	0	0	0	5	0	0	0	0	0
OTU_823	0	0	0	0	0	0	0	0	0	0	6	0	0	0	0	0	0	0	0	0	0	0	0	0	0	0	0	0	0	0	35	0	0	0	0	0	0	0	0	0
OTU_327	78	0	0	11	0	0	0	0	0	2	0	0	0	0	0	0	0	0	0	136	0	0	0	19	0	0	0	0	0	0	0	0	0	0	0	0	0	0	0	0
OTU_749	4	0	0	1	0	12	3	0	0	0	0	3	2	1	1	0	0	0	0	2	0	0	0	0	0	0	0	0	5	0	0	4	0	2	1	8	0	0	0	3
OTU_988	0	0	0	1	4	6	0	0	0	0	7	0	2	0	0	0	14	0	0	0	0	0	0	2	10	0	0	0	0	0	1	0	0	0	0	2	0	0	0	6
OTU_1059	0	0	0	0	0	4	7	0	0	0	0	2	1	3	0	0	0	0	0	0	0	0	0	0	0	0	0	0	5	0	0	0	0	6	8	3	0	0	0	4
OTU_311	0	0	0	0	0	121	7	0	0	0	0	0	0	2	0	0	0	0	0	0	0	0	0	0	0	0	0	0	0	0	0	0	0	1	0	100	0	0	0	0
OTU_731	0	0	0	0	0	5	13	0	0	0	0	13	3	2	0	0	0	0	0	0	0	0	0	0	0	0	0	0	8	0	0	0	0	6	20	9	0	0	0	3
OTU_664	0	0	0	0	0	0	13	0	0	0	0	0	9	0	0	0	0	0	0	0	0	0	0	0	0	0	0	0	24	0	0	0	0	0	0	0	0	0	0	8
OTU_564	0	0	0	0	23	0	0	0	0	0	0	0	0	0	0	0	2	0	0	0	0	0	0	0	22	0	0	0	0	0	0	0	0	0	0	0	0	0	0	0
OTU_1038	0	0	7	0	0	0	0	0	0	0	0	0	0	0	0	0	15	0	0	0	7	0	0	0	0	0	0	0	0	0	0	0	0	0	0	0	0	0	0	0
OTU_585	0	0	2	2	7	0	0	0	0	2	0	0	0	0	0	0	6	0	0	1	1	0	0	1	20	0	0	0	0	0	0	16	11	0	0	0	0	0	0	0
OTU_499	6	0	0	0	14	3	0	4	0	2	0	1	0	1	7	0	3	0	0	12	0	0	0	2	12	0	0	2	3	0	0	21	11	2	0	4	0	0	1	0
OTU_1007	1	0	0	0	0	2	4	0	0	0	5	0	19	0	1	1	1	0	0	0	1	0	0	1	1	0	0	0	1	0	1	1	0	0	1	0	0	0	0	7
OTU_583	46	0	0	1	7	0	0	0	0	4	2	0	0	0	5	0	13	0	0	58	0	0	0	5	6	0	0	2	0	0	0	21	7	0	0	0	0	0	0	1
OTU_927	0	0	0	0	0	2	5	0	0	0	0	16	0	1	0	1	0	0	0	0	1	0	0	0	0	0	0	0	6	0	0	0	0	2	12	3	0	0	0	2
OTU_774	0	0	0	0	0	6	8	0	0	0	0	3	8	3	0	0	0	0	0	0	0	0	0	0	0	0	0	0	1	0	0	0	0	3	2	8	0	0	0	4
OTU_981	1	1	0	0	0	7	6	0	0	1	0	1	2	0	0	0	2	2	0	0	0	0	3	1	1	4	12	0	7	2	0	0	1	1	0	3	0	18	0	5
OTU_593	0	2	0	2	0	8	8	3	6	0	0	1	3	3	0	0	0	0	0	0	0	0	3	2	0	0	0	0	1	0	0	0	0	0	12	4	3	0	4	4
OTU_831	0	0	0	0	0	0	0	0	0	0	1	0	0	12	0	0	0	0	0	0	0	0	0	1	0	0	0	0	0	0	0	0	0	16	0	0	0	0	0	0
OTU_443	0	4	7	7	2	3	7	3	1	0	22	8	4	5	1	1	11	4	0	2	11	0	5	9	5	0	1	0	7	3	5	1	0	4	10	2	0	4	6	2
OTU_469	0	0	0	0	0	0	0	0	0	0	0	0	0	0	0	0	0	48	0	0	0	0	1	0	0	64	0	0	0	0	0	0	0	0	0	0	0	0	0	0
OTU_729	0	0	0	0	3	0	0	0	0	0	0	20	0	1	0	0	1	2	1	0	0	0	0	0	7	0	0	0	0	0	0	0	0	1	24	0	0	0	0	0
OTU_753	0	0	0	0	0	0	0	0	0	0	0	29	0	14	0	0	0	0	0	0	0	0	0	0	0	0	0	0	0	0	0	0	0	19	19	0	0	0	0	0
OTU_706	3	0	0	0	0	7	7	0	0	0	0	6	1	0	0	0	0	0	0	0	0	0	0	0	0	0	0	0	8	0	0	0	0	5	4	9	0	0	0	1
OTU_882	2	0	0	0	3	14	0	0	1	0	0	1	4	0	0	0	0	1	3	5	0	3	0	5	9	0	4	0	2	2	5	0	2	0	14	7	0	0	0	4
OTU_565	0	0	0	0	0	0	1	2	0	0	0	2	43	0	0	0	0	0	0	0	0	0	0	0	0	0	0	0	2	0	0	0	0	3	5	0	1	0	0	33
OTU_459	0	0	0	0	0	47	1	0	0	0	2	4	2	3	1	0	0	0	0	0	0	0	0	2	0	0	0	0	0	0	0	0	0	2	10	35	0	0	0	2
OTU_296	0	0	0	2	0	41	2	0	6	0	8	13	15	3	0	4	0	0	0	3	0	1	0	1	1	0	0	0	1	2	1	10	1	8	10	24	5	0	0	19
OTU_783	0	0	2	1	0	0	6	1	0	0	0	1	8	1	0	0	1	0	0	0	0	0	0	1	0	0	0	0	6	0	0	0	0	1	0	1	0	0	0	9
OTU_538	0	0	0	0	0	0	1	0	0	0	0	29	12	0	0	0	0	0	0	0	0	0	0	0	0	0	0	0	0	0	0	0	0	0	28	0	0	0	0	7
OTU_883	0	0	1	0	0	0	15	0	0	0	0	1	2	5	0	0	0	0	0	0	0	0	0	1	0	0	0	0	5	0	0	0	0	1	0	0	0	0	0	5
OTU_436	0	0	0	0	0	1	45	0	0	0	0	1	5	4	0	0	0	0	0	0	0	0	0	0	0	0	0	0	31	0	0	0	0	7	9	1	0	0	0	5
OTU_700	0	0	0	0	0	10	12	0	0	0	0	0	12	2	0	0	0	0	0	0	0	0	0	0	0	0	0	0	6	0	0	0	0	3	0	8	0	0	0	16
OTU_876	0	0	0	1	0	5	12	0	0	0	0	0	0	0	0	0	1	0	0	0	0	0	0	3	0	0	0	0	8	0	0	0	0	0	0	3	0	0	0	0
OTU_840	2	0	0	2	1	0	0	0	0	24	0	0	0	0	0	0	0	0	0	0	0	0	0	4	1	0	0	1	0	0	0	18	2	0	0	0	0	0	0	0
OTU_771	0	0	0	0	0	6	3	0	0	0	0	6	3	9	0	0	0	0	0	0	0	0	0	0	0	0	0	0	0	0	0	0	0	8	9	8	0	0	0	2
OTU_849	0	0	23	0	0	1	2	0	1	0	1	0	4	1	0	0	0	0	0	0	24	0	0	0	0	0	0	0	0	0	6	0	0	1	0	1	0	0	0	4
OTU_713	0	0	1	0	0	0	11	0	0	0	0	15	1	5	0	0	0	0	0	0	0	0	0	0	0	0	0	0	4	0	0	0	0	2	2	0	0	0	0	0
OTU_795	0	0	0	0	0	0	0	0	0	0	0	0	12	0	0	0	0	0	0	0	0	0	0	0	0	0	1	0	0	0	0	0	0	0	0	0	0	0	0	10
OTU_655	0	0	0	2	1	3	1	0	0	0	0	5	1	5	0	0	0	0	0	0	0	0	0	3	0	0	0	0	8	0	0	0	0	2	6	6	0	0	0	3
OTU_535	0	0	0	1	0	6	15	0	0	0	0	3	9	5	0	0	0	0	0	0	0	0	0	0	0	0	0	0	14	0	0	0	0	9	4	3	0	0	0	14
OTU_389	0	0	0	0	0	44	0	0	0	0	0	4	1	2	3	3	0	0	6	0	0	0	0	0	0	0	0	1	0	4	0	0	0	0	4	41	0	0	0	0
OTU_1209	0	0	0	0	0	2	10	0	0	0	0	0	0	24	0	0	0	0	0	0	0	0	0	0	0	0	0	0	6	0	0	0	0	22	0	1	0	0	0	0
OTU_450	0	0	0	2	3	0	15	1	0	0	10	2	8	12	3	0	1	1	1	0	0	2	0	4	7	2	0	0	6	0	0	0	0	11	11	0	3	0	1	6
OTU_579	0	0	1	0	0	2	16	1	0	0	0	6	20	3	0	0	0	0	0	0	0	0	0	0	0	0	0	0	14	0	0	0	0	3	11	0	0	0	1	14
OTU_1161	0	0	3	0	0	0	4	0	0	0	0	2	0	2	0	1	0	1	0	0	0	0	0	2	1	0	0	0	8	0	0	0	0	1	4	1	1	1	1	1
OTU_466	49	0	0	0	0	1	0	0	0	1	0	4	4	0	0	0	0	0	0	78	0	0	0	2	1	0	0	0	0	0	0	0	0	0	4	1	0	0	0	3
OTU_687	0	5	0	0	0	0	0	5	7	0	0	0	0	0	0	0	0	0	3	2	0	0	12	2	0	2	2	0	0	0	0	0	0	0	0	0	5	1	2	0
OTU_1047	0	0	0	0	0	3	1	0	0	0	0	4	0	7	0	0	0	0	0	0	0	0	0	0	0	0	0	0	3	0	0	0	0	3	6	1	0	0	0	0
OTU_1090	0	0	0	0	0	1	7	0	0	0	0	6	5	2	0	0	0	0	0	0	0	0	0	1	0	0	0	0	3	0	0	0	0	4	17	2	0	0	0	2
OTU_568	0	0	0	0	0	2	5	0	0	0	0	22	5	4	0	0	0	0	0	1	0	0	0	0	0	0	0	0	4	0	0	0	0	1	17	5	0	0	0	2
OTU_659	0	0	1	0	6	0	32	1	0	0	4	0	8	21	0	0	3	0	0	0	0	0	0	0	5	0	0	0	20	0	0	0	0	28	4	1	0	0	0	10
OTU_622	0	0	0	0	0	0	0	0	0	0	0	23	0	0	0	0	0	0	0	0	0	0	0	0	0	0	0	0	0	0	0	0	0	0	21	0	0	0	0	0
OTU_982	0	0	0	4	1	0	0	0	0	0	1	1	19	0	0	0	2	0	0	0	1	0	0	2	0	0	0	0	0	0	0	0	0	0	3	0	0	0	0	13
OTU_297	0	0	0	0	0	0	43	0	0	0	0	0	62	0	0	0	0	0	0	0	0	0	0	0	0	0	0	0	29	0	0	0	0	0	0	0	0	0	0	58
OTU_693	1	0	2	0	2	0	5	0	0	0	0	17	3	3	0	0	2	0	0	1	0	0	0	0	1	0	0	0	2	0	0	0	0	0	9	1	0	0	0	2
OTU_337	0	0	3	0	0	0	53	0	0	0	0	0	37	0	0	0	0	0	0	0	1	0	0	0	0	0	0	0	30	2	0	0	0	1	0	0	1	0	2	17
OTU_524	0	0	2	2	0	3	5	3	0	0	0	2	0	9	0	0	0	0	0	0	1	0	0	2	0	8	0	0	3	1	1	0	0	9	7	4	1	0	2	1
OTU_380	0	0	0	0	0	7	11	0	0	0	0	25	2	7	0	0	0	0	0	0	0	0	0	0	0	0	0	0	9	0	0	0	0	10	37	6	0	0	0	1
OTU_1123	0	0	0	0	0	0	6	0	0	0	0	1	5	5	0	1	0	0	0	0	0	0	0	0	0	0	0	0	6	0	2	0	0	6	3	3	0	0	1	2
OTU_828	0	0	0	0	0	3	8	0	0	0	1	7	0	20	0	0	0	1	0	0	0	0	1	0	0	0	0	0	6	0	0	0	0	26	9	3	0	0	1	0
OTU_684	0	0	0	0	0	0	3	0	0	0	0	21	19	0	0	0	0	0	0	0	0	0	0	0	0	0	0	0	5	0	0	0	0	0	31	0	0	0	0	15
OTU_601	5	1	0	0	0	1	0	0	0	0	0	0	9	0	10	0	0	0	0	21	0	0	2	0	1	0	0	0	0	0	12	7	0	0	0	0	0	0	0	13
OTU_940	0	0	1	0	0	1	1	0	0	0	0	3	9	1	0	0	0	0	0	0	0	0	0	1	0	0	0	0	1	0	0	0	0	1	2	0	0	0	0	5
OTU_581	23	0	0	4	0	2	0	0	0	1	0	0	0	0	0	0	0	0	0	67	0	0	0	5	0	0	0	0	0	0	0	0	0	0	1	1	2	0	0	0
OTU_1214	0	0	0	1	1	3	0	0	0	0	0	11	1	2	0	0	0	0	0	0	0	0	0	1	0	0	0	0	1	0	0	0	0	0	2	1	0	0	0	0
OTU_632	0	0	0	5	0	3	4	0	0	0	20	0	13	3	0	0	0	0	0	0	0	0	0	9	0	0	0	0	3	1	0	0	0	2	0	0	0	0	0	7
OTU_762	0	0	0	0	1	3	3	0	0	0	0	5	1	15	0	0	5	0	0	0	0	0	0	0	0	0	0	0	5	0	0	0	0	15	6	3	0	0	0	0
OTU_784	0	1	0	2	1	4	1	2	0	0	0	5	3	1	0	1	2	0	0	1	0	0	1	5	1	0	1	0	2	0	1	0	0	1	1	0	0	0	2	2
OTU_573	0	0	0	0	0	0	0	0	0	0	0	22	0	0	0	0	0	0	0	0	0	0	0	0	0	0	0	0	0	0	0	0	0	0	45	0	0	0	0	0
OTU_610	0	0	0	0	14	0	0	0	0	0	0	0	0	0	4	0	3	0	0	0	0	0	0	0	35	0	0	0	0	0	0	0	0	0	0	0	0	0	0	0
OTU_822	0	0	2	0	1	1	0	0	0	0	0	4	4	1	0	0	0	0	0	2	2	0	0	1	0	0	0	0	0	0	0	0	0	2	7	0	0	0	0	1
OTU_686	0	0	1	1	0	0	4	0	0	0	0	1	1	3	0	0	0	0	0	0	2	0	3	1	0	2	8	0	4	1	1	0	0	5	4	3	0	2	0	2
OTU_755	0	0	0	1	0	1	0	0	4	0	4	0	1	3	0	0	0	0	0	0	1	5	0	3	0	0	1	0	0	0	2	0	0	1	0	1	0	3	1	0
OTU_1205	0	0	1	0	3	0	1	0	0	0	0	2	0	0	14	0	0	0	0	0	1	0	0	0	4	0	0	0	0	0	0	10	6	0	0	0	0	0	0	0
OTU_533	0	0	0	0	2	3	1	0	0	0	0	14	1	6	0	0	0	0	0	0	0	0	0	0	4	0	0	3	3	0	0	0	0	2	27	5	2	0	0	0
OTU_400	0	0	0	0	0	46	0	0	1	0	9	0	1	2	0	0	1	0	2	0	0	0	0	3	0	0	0	0	1	0	0	0	0	1	0	39	0	0	0	0
OTU_657	0	0	0	0	0	9	0	0	0	0	2	13	24	0	0	0	1	0	0	0	0	0	0	0	0	0	0	0	0	0	0	0	0	6	22	8	0	0	0	21
OTU_838	0	0	0	0	0	1	14	0	0	0	0	0	2	8	0	0	0	0	0	0	2	0	0	0	0	0	0	0	14	0	7	0	0	5	2	0	0	0	0	1
OTU_1202	0	0	0	0	0	5	0	0	0	0	0	2	0	0	0	0	0	0	0	0	0	0	0	0	0	0	0	0	1	0	0	0	0	2	4	2	0	0	0	0
OTU_534	2	0	0	4	0	7	12	1	0	0	0	1	2	8	0	0	0	0	4	5	0	0	0	2	0	0	0	0	2	0	0	2	0	11	6	5	7	0	1	5
OTU_1060	0	0	0	0	0	0	14	0	0	0	0	0	2	0	0	0	0	0	0	0	0	0	0	0	0	0	9	0	11	0	0	0	0	0	0	0	0	0	0	2
OTU_941	0	0	0	0	0	1	7	0	0	0	0	0	0	5	0	0	0	0	0	0	0	0	0	0	0	0	0	0	6	0	0	0	0	4	0	0	0	0	0	1
OTU_832	0	0	0	0	0	8	0	0	0	0	0	0	3	0	0	10	0	0	0	0	0	0	0	0	0	0	0	0	0	12	0	0	0	0	0	16	0	0	0	0
OTU_322	0	0	0	0	0	10	16	0	1	0	0	12	17	11	0	0	0	0	0	0	0	0	0	5	0	0	3	0	9	0	1	0	0	7	6	12	0	0	0	31
OTU_760	0	0	0	0	0	0	20	0	0	0	0	0	0	0	0	0	0	0	0	0	0	0	0	0	0	0	0	0	27	0	0	0	0	0	0	0	0	0	0	0
OTU_929	0	0	0	2	0	0	0	0	0	0	0	2	16	0	0	0	0	0	0	0	0	0	0	1	0	0	0	0	0	0	0	0	0	0	6	0	0	0	0	12
OTU_910	0	0	0	0	0	19	0	0	0	0	0	0	0	0	0	0	0	0	0	0	0	0	0	0	0	0	0	0	3	0	0	0	0	0	0	27	0	0	0	0
OTU_769	2	0	0	2	0	4	3	0	0	0	3	3	4	5	0	0	0	0	0	0	0	0	0	1	0	0	0	0	3	0	0	2	0	11	6	1	0	0	0	0
OTU_319	0	0	0	0	0	16	11	0	0	0	0	11	18	19	0	0	2	0	0	1	0	0	0	2	0	0	0	0	9	0	0	0	0	30	19	9	0	1	1	17
OTU_922	0	0	0	0	0	0	4	0	0	0	0	0	11	0	0	0	0	0	0	0	0	0	0	0	0	0	0	0	7	0	3	0	0	0	0	1	0	0	0	9
OTU_886	0	1	2	0	0	0	0	2	0	0	26	0	1	0	0	0	1	0	0	0	3	0	0	1	0	1	1	0	0	0	0	0	0	0	0	0	0	2	2	2
OTU_954	0	0	0	0	0	3	11	0	0	0	0	16	3	1	0	0	0	0	0	0	0	0	0	0	0	0	0	0	11	0	0	0	0	6	12	2	0	0	0	2
OTU_934	3	0	1	0	0	2	0	0	0	0	0	1	4	1	0	0	0	0	0	0	0	0	0	0	0	0	0	0	2	0	1	0	0	1	11	0	0	0	0	5
OTU_517	0	0	5	0	0	2	0	0	1	0	0	0	0	45	0	0	0	0	0	0	2	0	0	0	0	0	7	0	0	0	0	0	0	68	0	1	0	0	0	0
OTU_967	0	0	0	5	2	6	0	0	0	0	0	2	0	1	3	0	0	0	0	2	0	0	0	3	2	0	0	2	0	0	0	10	6	1	5	1	0	0	0	0
OTU_877	0	0	0	0	1	16	1	0	0	0	0	0	0	1	0	0	0	0	0	0	0	0	0	0	0	0	0	0	0	0	0	0	0	0	0	11	0	0	0	0
OTU_947	0	0	0	5	0	0	0	3	0	0	5	0	0	0	0	0	0	0	0	0	0	1	0	10	0	2	0	0	0	0	1	0	0	0	0	1	0	0	0	0
OTU_1020	0	0	0	0	0	1	3	0	0	0	0	4	0	1	0	0	0	0	0	0	0	0	0	1	0	0	0	0	1	0	0	0	0	0	0	3	0	0	0	0
OTU_992	0	0	0	0	0	0	0	0	0	0	0	7	0	0	0	0	0	0	0	0	0	0	0	0	0	0	0	0	0	0	0	0	0	1	8	0	0	0	0	0
OTU_746	0	0	0	0	0	0	0	3	0	0	0	0	10	2	0	0	0	0	0	0	1	0	0	0	0	0	0	0	0	0	0	0	0	0	0	0	0	0	3	12
OTU_963	0	0	0	0	0	0	0	0	0	0	0	2	1	4	0	0	0	0	0	0	0	0	0	0	0	0	0	0	0	0	0	0	0	11	5	0	0	0	0	2
OTU_1204	0	0	0	0	0	1	5	0	0	0	0	2	2	2	0	0	0	0	0	0	0	0	0	0	0	0	0	0	5	0	0	0	0	2	4	0	0	0	0	0
OTU_767	0	0	0	0	0	9	5	0	0	0	0	3	1	3	0	0	0	0	0	0	0	0	0	0	0	0	0	0	3	0	0	0	0	3	0	12	0	0	0	0
OTU_559	0	0	0	0	0	1	1	0	0	0	0	3	23	0	0	0	0	0	0	0	0	0	0	0	0	0	0	0	4	0	0	0	0	0	2	1	0	0	0	34
OTU_461	0	0	0	1	0	0	0	0	0	83	0	0	1	0	0	0	17	0	0	0	0	0	0	1	0	0	0	0	0	0	0	3	3	0	0	0	0	0	0	0
OTU_1086	0	1	0	0	0	2	1	0	0	0	1	2	3	0	0	3	0	0	0	0	0	0	1	2	0	0	0	0	1	3	0	0	0	0	0	3	0	0	0	5
OTU_1135	0	0	0	0	0	2	0	0	0	0	0	8	0	1	0	0	0	0	0	0	0	0	0	0	0	0	0	0	0	0	0	0	0	3	5	2	0	0	0	0
OTU_782	0	0	0	0	0	0	0	0	0	0	0	0	10	12	0	0	0	0	0	0	0	0	0	0	0	0	0	0	0	0	0	0	0	8	0	0	0	0	0	7
OTU_331	0	1	0	0	0	0	4	0	0	9	0	42	0	3	0	0	2	0	0	2	0	0	0	0	3	0	0	0	0	1	0	26	26	0	61	0	0	0	0	2
OTU_874	1	0	0	0	0	2	1	0	0	0	0	4	6	1	0	0	0	2	0	0	0	0	0	1	0	0	0	0	0	0	0	0	0	1	3	4	0	0	0	8
OTU_471	0	0	1	15	0	7	0	0	0	0	16	1	11	3	0	1	1	1	0	0	4	0	0	25	0	0	0	0	0	0	0	0	0	6	6	1	2	0	0	8
OTU_766	0	0	0	0	0	9	6	0	0	0	0	0	3	5	0	0	0	0	0	0	0	0	0	0	0	0	0	0	3	0	0	0	0	4	0	7	0	0	0	4
OTU_930	0	0	0	0	0	3	4	0	0	0	0	10	2	5	0	0	0	0	0	0	0	0	0	0	0	0	0	0	0	0	0	0	0	3	7	1	0	0	0	2
OTU_1026	0	0	0	0	0	1	0	0	0	0	0	0	0	1	0	0	0	0	0	0	0	0	0	0	0	0	0	0	4	0	0	0	0	6	0	5	0	0	0	0
OTU_545	3	0	0	5	0	2	23	0	0	7	0	0	1	1	0	5	0	0	0	9	0	0	0	2	0	0	0	0	9	0	0	0	1	1	0	5	0	0	0	1
OTU_625	1	0	2	16	0	1	0	0	0	0	0	0	0	0	0	0	1	0	0	4	2	0	0	26	0	0	0	0	0	0	0	0	0	2	0	1	0	0	0	1
OTU_965	0	0	0	0	0	0	2	0	0	0	0	9	0	2	0	0	0	0	0	0	0	0	0	0	0	0	0	0	2	0	0	0	0	1	7	0	0	0	0	0
OTU_721	0	0	0	0	0	2	0	0	0	0	0	1	1	7	0	0	0	0	0	0	0	0	0	0	0	0	0	0	3	0	0	0	0	9	6	1	0	0	0	1
OTU_1072	0	0	0	0	7	0	0	0	0	0	0	0	0	0	0	0	0	0	0	0	0	0	0	0	14	0	0	0	0	0	0	0	0	0	0	0	0	0	0	0
OTU_976	0	0	0	0	0	0	0	0	0	4	4	0	1	5	0	0	2	0	0	0	0	0	0	0	0	3	0	0	0	0	0	0	0	8	0	0	0	0	0	0
OTU_993	0	0	0	0	0	0	16	3	0	0	0	3	3	0	0	0	0	0	0	0	0	0	0	0	0	0	0	0	1	0	0	0	0	0	0	4	0	0	3	2
OTU_615	0	2	0	3	0	4	5	0	0	0	0	9	0	1	0	0	0	2	1	0	0	0	1	5	0	0	0	0	1	0	1	0	0	3	16	0	1	0	0	1
OTU_855	0	0	0	0	0	0	0	0	0	0	0	8	8	0	0	0	0	0	0	0	0	0	0	0	0	0	0	0	0	0	0	0	0	1	12	0	0	0	0	3
OTU_1069	0	0	0	0	0	2	1	0	0	0	0	7	3	3	0	0	0	0	0	0	0	0	0	0	0	0	0	0	6	0	0	0	0	2	11	0	0	0	0	0
OTU_1034	0	0	0	0	0	0	1	0	0	0	0	8	2	1	0	0	0	0	0	0	0	0	0	0	0	0	0	0	1	0	0	0	0	0	4	0	0	0	0	0
OTU_442	0	0	0	0	0	3	42	0	0	0	0	9	3	1	0	0	1	0	0	0	0	0	0	0	0	0	0	0	15	0	0	0	0	3	19	3	0	0	0	5
OTU_464	0	0	0	0	2	0	0	0	0	0	2	0	0	0	0	0	95	0	0	0	0	0	0	0	13	0	0	0	0	0	0	0	0	0	0	0	0	0	0	0
OTU_616	0	0	0	1	2	3	0	0	0	0	0	3	25	0	0	0	0	0	0	0	0	0	0	0	5	0	0	0	0	0	0	0	0	0	5	4	0	0	0	10
OTU_821	0	0	0	0	0	0	6	0	0	0	0	6	9	10	0	0	0	0	0	0	0	0	0	0	0	0	0	0	3	0	0	0	0	3	8	2	0	0	0	10
OTU_670	0	0	0	0	0	24	0	0	0	0	0	0	0	0	0	0	0	0	0	0	0	0	0	0	0	0	0	0	0	0	0	0	0	0	0	17	0	0	0	0
OTU_703	0	0	0	0	0	0	14	0	0	0	0	5	2	5	0	0	0	0	0	0	0	0	0	0	0	0	0	0	13	0	0	0	0	3	1	0	0	0	0	1
OTU_1207	0	0	0	0	6	0	0	0	0	0	0	2	7	1	0	0	0	0	0	0	0	0	0	0	11	0	0	0	0	0	0	0	0	6	2	0	0	0	0	6
OTU_911	7	0	0	1	0	0	3	1	0	0	0	0	1	0	0	2	1	0	0	18	0	0	1	3	0	0	0	4	0	0	2	0	0	0	0	0	0	0	0	3
OTU_507	0	0	0	0	0	2	12	0	0	0	0	21	2	5	0	0	0	0	0	0	0	0	0	0	0	0	0	0	7	0	0	0	0	15	14	3	0	0	0	1
OTU_343	0	0	0	0	0	0	0	0	0	0	0	0	67	0	0	0	0	0	0	0	0	0	0	0	0	0	0	0	0	0	0	0	0	0	0	0	0	0	0	66
OTU_1140	0	0	0	0	0	0	5	0	0	0	0	0	0	0	0	0	0	0	0	0	0	0	0	0	0	0	0	0	7	0	0	0	0	2	2	0	0	0	0	0
OTU_770	0	0	0	0	0	0	41	0	0	0	0	0	0	0	0	0	0	0	0	0	0	0	0	0	0	0	0	0	39	0	0	0	0	0	0	0	0	0	0	0
OTU_842	0	0	4	0	0	0	7	0	0	0	1	0	0	5	0	0	3	0	0	0	1	0	0	1	0	0	0	0	6	0	0	0	0	1	3	2	0	0	2	1
OTU_946	0	0	0	0	0	3	7	0	0	0	0	2	0	2	0	0	0	0	0	0	0	0	0	0	0	0	0	0	4	0	0	0	0	6	5	0	0	0	0	0
OTU_569	0	0	0	0	0	7	14	0	0	0	0	3	1	3	0	0	0	0	0	0	0	0	0	0	1	0	0	0	4	0	0	0	0	0	18	7	0	0	0	2
OTU_825	0	0	0	0	0	2	2	2	3	0	0	0	5	0	0	0	0	0	0	0	0	0	0	0	0	0	0	0	2	3	1	0	0	1	5	1	0	0	3	2
OTU_680	0	0	0	1	0	2	12	0	0	0	0	1	1	1	0	0	5	0	0	0	0	0	0	2	0	0	1	0	6	0	1	0	0	0	7	5	0	0	0	1
OTU_482	0	0	0	0	0	3	7	0	0	0	0	9	27	26	0	0	0	0	0	0	0	0	0	1	0	0	0	0	4	0	0	0	0	29	9	4	0	0	0	23
OTU_1126	0	1	0	0	0	5	0	2	0	0	0	0	1	0	0	0	0	0	0	0	0	0	1	0	0	0	0	0	1	0	0	0	0	0	0	3	0	0	4	1
OTU_843	0	0	0	0	0	0	1	0	0	0	0	5	5	2	0	0	0	0	0	0	0	0	1	0	0	0	0	0	4	0	0	0	0	9	6	0	0	0	0	2
OTU_577	0	0	0	0	0	24	7	1	0	0	0	0	1	0	0	0	0	0	0	0	0	0	0	1	0	0	0	0	0	0	0	0	0	0	0	26	0	0	2	1
OTU_1018	0	0	4	1	0	0	1	0	0	0	0	0	5	0	0	0	0	0	1	0	4	0	0	0	0	0	0	0	3	0	0	0	0	0	0	0	0	0	0	4
OTU_1027	0	0	0	0	0	0	0	0	0	0	0	0	6	2	0	0	0	0	0	0	0	0	0	0	0	0	0	0	1	0	0	0	0	4	0	1	0	0	0	6
OTU_1131	0	0	0	0	0	0	0	0	0	0	0	0	1	0	0	2	0	0	0	0	0	0	0	0	0	0	0	0	0	6	2	0	0	1	0	0	0	0	0	2
OTU_330	0	0	2	4	1	5	8	0	0	3	1	6	27	2	0	0	2	1	0	1	2	0	0	1	4	7	17	0	12	0	0	8	3	1	1	5	1	5	4	18
OTU_792	0	0	0	0	0	0	27	0	0	0	0	1	4	2	0	0	0	0	0	0	0	0	0	1	0	0	0	0	25	0	0	0	0	0	0	1	0	0	0	6
OTU_961	0	1	0	3	0	0	0	7	0	0	8	0	0	0	0	0	0	1	1	1	0	0	0	2	0	1	8	0	0	1	1	0	0	1	0	0	5	2	1	0
OTU_904	0	0	0	1	0	0	11	0	0	0	0	4	2	3	0	0	0	0	0	0	0	0	0	0	0	0	0	0	3	0	0	3	0	4	1	0	0	0	0	2
OTU_857	0	0	0	0	0	0	0	0	0	0	0	8	0	4	0	0	0	0	0	0	0	0	0	0	0	0	0	0	0	0	0	0	0	7	10	0	0	0	0	0
OTU_912	0	0	0	0	0	0	0	0	0	0	0	15	0	0	0	0	0	0	0	0	0	0	0	0	0	0	0	0	0	0	0	0	0	1	9	0	0	0	0	1
OTU_757	0	0	0	0	0	0	2	0	3	0	1	1	1	1	0	0	18	0	0	0	0	0	0	0	0	0	0	0	0	0	0	0	0	10	2	0	0	0	0	0
OTU_526	0	0	0	0	0	3	11	0	0	0	0	25	1	7	0	0	0	0	1	0	0	0	0	0	0	0	0	0	2	0	0	0	0	6	23	1	0	0	0	1
OTU_1003	0	0	0	0	0	0	0	0	0	0	6	1	3	2	0	0	0	0	0	0	0	0	0	0	0	0	0	0	0	0	0	0	0	2	5	0	0	0	0	2
OTU_932	0	2	0	0	0	2	6	0	0	0	0	8	0	3	0	0	0	0	0	0	0	0	0	0	0	0	0	0	4	0	0	0	0	5	10	2	0	0	0	0
OTU_1170	0	0	0	0	0	1	4	0	0	0	0	10	1	1	0	0	0	0	0	0	0	0	0	0	0	0	0	0	6	0	0	0	0	6	3	0	0	0	0	0
OTU_1028	0	0	0	0	0	0	0	0	0	0	0	0	0	1	0	7	0	0	4	0	0	0	0	0	0	0	0	0	0	5	2	0	0	0	0	0	0	0	0	0
OTU_919	0	0	1	0	11	0	0	0	0	0	0	0	1	0	0	0	1	0	1	0	0	1	0	1	17	0	0	0	0	0	0	0	0	0	0	0	0	0	0	0
OTU_626	0	0	0	0	0	5	7	0	0	3	0	3	0	2	1	0	0	0	0	2	0	0	0	1	1	0	0	0	11	0	0	4	0	2	7	2	0	0	0	0
OTU_948	0	0	0	0	0	0	0	0	0	0	0	10	2	0	0	0	0	0	0	0	0	0	0	0	2	0	0	0	0	0	0	0	0	2	13	2	0	0	0	5
OTU_918	0	0	0	1	1	0	0	0	0	0	0	0	0	0	18	0	0	0	0	0	0	0	0	6	0	0	0	1	0	0	0	0	5	0	0	1	0	0	0	0
OTU_1176	0	0	0	0	0	1	6	0	0	0	0	2	1	0	0	0	0	0	0	0	0	0	0	0	0	0	0	0	2	0	0	0	0	1	0	0	0	0	0	0
OTU_1155	0	0	0	4	0	0	5	0	0	0	4	1	0	1	0	0	0	0	0	0	0	0	0	0	0	0	0	0	0	0	0	0	0	1	1	2	0	0	0	0
OTU_885	0	0	0	2	0	4	5	0	0	0	0	6	1	0	0	0	0	0	0	0	0	0	0	0	1	0	0	0	3	0	0	1	0	0	6	2	0	0	0	0
OTU_1222	0	0	0	0	0	0	10	0	0	0	0	0	0	0	0	0	0	0	0	0	0	0	0	0	0	0	0	0	9	0	0	0	0	0	0	0	0	0	0	0
OTU_1075	0	0	0	0	0	0	4	0	0	0	0	4	3	3	0	0	0	0	0	0	0	0	0	0	0	0	0	0	1	0	0	0	0	3	5	0	0	0	0	0
OTU_907	0	0	0	0	0	1	5	0	0	0	0	5	1	0	0	0	0	0	0	0	0	0	0	0	0	0	0	0	4	0	0	0	0	3	4	0	0	0	0	4
OTU_708	0	0	0	1	4	1	0	0	0	5	3	1	1	0	1	0	1	0	0	7	0	0	0	1	3	0	0	0	0	0	0	14	5	0	5	3	0	0	0	0
OTU_611	0	0	0	1	0	11	0	0	0	0	0	26	0	0	0	0	0	0	0	0	0	0	0	3	0	0	0	0	0	0	0	0	0	0	40	4	0	0	0	0
OTU_711	6	0	0	4	8	1	1	0	0	0	0	0	0	0	0	0	4	0	0	5	0	0	0	1	7	0	0	0	1	0	0	5	0	0	0	0	0	0	0	1
OTU_1171	0	0	0	0	0	0	0	1	1	0	0	2	0	0	0	0	0	1	0	0	0	0	0	0	0	2	10	0	0	0	0	0	0	0	0	0	0	3	0	4
OTU_732	0	0	2	0	0	0	2	0	0	0	0	0	14	2	0	0	0	0	0	0	0	0	0	0	0	0	0	0	1	0	0	0	0	2	0	0	0	0	0	10
OTU_854	0	0	18	0	0	0	0	0	0	0	0	0	0	0	0	0	3	0	0	0	12	0	0	2	0	0	0	0	0	0	0	0	0	0	0	0	0	0	0	0
OTU_1173	0	0	0	0	0	0	1	0	0	0	0	12	0	0	0	0	0	0	0	0	0	0	0	0	0	0	0	0	2	0	0	0	0	2	3	0	0	0	0	3
OTU_923	0	0	0	0	0	1	21	0	0	0	0	0	0	0	0	0	0	0	0	0	0	0	0	0	0	0	0	0	14	0	0	0	0	0	0	0	0	0	0	0
OTU_634	0	0	0	0	0	1	11	0	0	0	0	11	3	4	0	0	0	0	0	0	0	0	0	0	0	0	0	0	10	0	0	0	0	3	6	1	0	0	0	1
OTU_1070	0	0	0	0	3	0	3	0	0	0	0	2	0	0	0	0	0	0	0	0	0	0	0	0	6	0	0	0	0	0	0	0	0	0	3	0	0	0	0	0
OTU_998	0	0	0	0	0	2	4	0	0	0	0	9	3	1	0	0	0	0	0	0	0	0	0	0	0	0	0	0	3	0	0	0	0	4	4	0	0	0	0	10
OTU_1139	0	0	0	0	0	0	0	0	0	0	0	10	0	0	0	0	0	0	0	0	0	0	0	0	0	0	0	0	0	0	0	0	0	0	16	0	0	0	0	0
OTU_1035	0	0	0	0	0	0	0	0	0	0	0	8	0	0	0	0	0	0	0	0	0	0	0	0	0	0	0	0	0	0	0	0	0	0	19	0	0	0	0	0
OTU_1054	0	0	0	0	0	0	1	0	0	0	0	3	1	4	0	0	0	0	0	0	0	0	0	0	0	0	0	0	3	0	0	0	0	3	3	0	0	0	0	6
OTU_1152	0	0	0	0	0	0	1	0	0	0	0	4	2	0	0	0	0	0	0	0	0	0	0	0	0	0	0	0	2	0	0	0	0	0	6	3	0	0	0	3
OTU_806	0	0	0	0	0	0	3	0	0	0	0	4	0	6	0	0	0	0	0	0	0	0	0	1	0	0	0	0	0	0	0	0	0	5	6	5	0	0	0	0
OTU_672	0	0	0	1	0	0	2	0	0	0	0	0	19	13	0	0	0	0	0	0	0	0	0	0	0	0	3	0	1	0	0	0	0	17	4	0	0	0	0	6
OTU_677	0	7	0	0	0	0	0	0	2	6	0	0	5	0	0	0	0	0	0	0	0	1	9	0	0	0	0	3	0	1	12	0	2	0	0	0	0	2	0	1
OTU_1196	0	0	0	0	1	0	3	0	0	0	0	2	0	0	0	0	1	0	0	0	0	0	0	0	1	0	0	0	1	0	0	0	0	0	3	0	0	0	0	1
OTU_698	0	0	0	0	0	0	0	0	0	0	0	0	12	0	0	0	0	0	0	0	0	0	0	0	0	0	0	0	0	0	0	0	0	0	0	0	0	0	0	21
OTU_894	0	0	0	0	0	0	0	0	0	0	0	0	14	0	0	0	0	0	0	0	0	0	0	0	0	0	0	0	0	0	0	0	0	0	0	0	0	0	0	10
OTU_333	0	0	8	18	0	0	7	0	0	0	14	10	0	2	0	0	18	0	0	0	4	0	0	34	0	3	0	0	13	0	0	0	0	8	24	0	0	0	0	2
OTU_758	0	0	0	0	2	6	1	0	0	0	8	3	11	4	0	0	0	0	0	0	0	0	0	0	0	0	0	0	4	0	0	0	0	16	7	4	0	0	0	11
OTU_1185	0	0	0	0	0	0	0	0	0	0	0	8	0	1	0	0	0	0	0	0	0	0	0	0	0	0	0	0	1	0	0	0	0	2	7	2	0	0	0	0
OTU_1169	1	0	0	0	4	0	0	0	0	1	0	0	0	0	0	0	0	0	0	1	0	0	0	0	2	0	0	0	0	0	0	7	2	0	0	0	0	0	0	0
OTU_1081	0	0	0	0	0	0	5	0	0	0	0	0	5	7	0	0	0	0	0	0	0	0	0	0	0	0	0	0	2	0	0	0	0	3	0	0	0	0	0	5
OTU_835	0	0	0	0	0	0	10	0	0	0	0	0	1	1	0	0	0	0	0	0	0	0	0	0	0	0	0	0	12	0	0	0	0	3	1	0	0	0	0	2
OTU_778	0	0	0	0	0	0	2	7	0	0	0	0	1	0	0	4	0	0	14	0	0	0	1	0	0	0	2	0	0	0	0	0	0	3	0	0	0	0	2	0
OTU_654	5	0	0	0	21	0	1	0	0	0	0	0	4	0	0	0	3	0	0	0	0	0	0	0	15	0	0	0	0	0	0	0	0	0	0	0	0	0	0	3
OTU_884	0	0	0	0	0	3	1	0	0	0	0	3	0	2	0	0	0	0	0	0	0	0	0	0	0	0	0	0	1	0	0	0	0	2	6	4	0	0	0	2
OTU_689	0	0	5	0	2	0	6	0	0	0	0	5	7	0	0	0	2	0	0	0	0	0	0	0	2	0	0	0	7	0	0	0	0	1	3	0	0	0	0	3
OTU_479	0	0	0	0	0	0	0	0	0	0	0	25	0	0	0	0	0	0	0	0	0	0	0	0	0	0	0	0	0	0	0	0	0	0	52	0	0	0	0	0
OTU_588	0	0	0	1	0	0	22	0	2	0	0	0	0	4	2	0	1	0	2	0	0	0	0	6	1	0	0	2	15	0	0	0	0	5	0	1	0	0	0	0
OTU_815	0	0	0	0	0	2	8	0	0	0	0	2	13	2	0	0	0	0	0	0	0	2	0	0	0	0	0	0	5	0	0	0	0	2	0	1	0	0	0	9
OTU_614	0	0	0	0	0	3	3	0	0	0	0	5	7	0	0	0	0	0	0	0	0	0	0	0	0	0	0	0	4	0	0	0	0	0	19	2	0	0	0	9
OTU_509	0	0	1	0	0	0	0	0	0	0	3	0	0	0	0	0	90	0	0	0	5	0	0	0	0	0	0	0	0	0	0	0	0	0	0	0	0	0	0	0
OTU_1189	0	0	0	0	0	0	6	0	0	0	0	0	1	0	0	0	0	0	0	0	0	0	0	0	0	0	0	0	5	0	0	0	0	0	0	2	0	0	1	1
OTU_1002	0	0	0	0	0	0	0	0	0	0	0	0	0	0	0	0	0	0	0	0	0	0	0	0	0	0	0	0	1	2	0	0	0	0	0	0	20	0	0	0
OTU_454	4	0	0	0	5	0	0	0	0	0	0	0	0	0	0	0	7	0	0	17	1	0	0	0	19	0	0	0	0	0	0	41	38	2	0	0	0	0	0	1
OTU_924	0	0	0	0	0	0	0	0	0	0	0	7	6	3	0	0	5	0	0	0	0	0	0	0	0	0	0	0	0	0	0	0	0	3	7	0	0	0	0	2
OTU_600	38	0	0	0	0	0	0	0	0	0	0	0	0	0	0	0	0	0	0	55	0	0	0	0	0	0	0	0	0	0	0	0	0	0	0	0	0	0	0	0
OTU_814	1	0	2	2	4	0	0	0	0	0	2	0	0	0	0	0	1	0	0	2	0	0	0	3	8	0	0	0	0	0	0	1	5	0	0	0	0	0	0	0
OTU_787	0	0	0	0	0	0	0	0	0	0	0	0	28	0	0	0	0	0	0	0	0	0	0	0	0	0	0	0	0	0	0	0	0	0	0	0	0	0	0	9
OTU_560	0	0	0	34	0	0	0	0	0	0	0	0	0	0	0	0	0	0	0	0	0	0	0	44	0	0	0	0	0	0	0	0	0	0	0	0	0	0	0	0
OTU_1014	0	0	0	0	0	0	9	0	0	0	0	4	0	0	0	0	0	0	0	0	0	0	0	0	0	0	0	0	3	0	0	0	0	0	8	0	0	0	0	0
OTU_953	0	0	0	0	0	6	10	0	0	0	0	0	0	0	0	0	0	0	0	0	0	0	0	0	0	0	0	0	4	0	0	0	0	2	0	4	0	0	0	0
OTU_975	0	0	0	0	0	0	0	0	0	24	0	0	0	0	0	0	0	0	0	0	0	0	0	0	0	0	0	3	0	0	0	7	0	0	0	0	0	0	0	0
OTU_1187	0	0	0	8	0	0	0	0	0	0	0	0	0	0	0	0	0	0	0	0	0	0	0	6	0	0	0	0	0	0	0	0	0	0	0	0	0	0	0	3
OTU_848	0	0	5	0	1	0	0	0	0	0	5	8	1	0	0	0	4	0	0	0	5	0	0	0	3	0	0	0	0	0	0	0	0	1	5	0	0	0	0	1
OTU_1016	0	0	0	0	0	0	0	0	0	1	0	0	0	0	0	0	0	0	1	0	0	0	0	0	0	0	0	0	0	0	0	22	25	0	0	0	12	0	0	0
OTU_692	0	0	0	0	0	0	0	0	0	0	0	0	1	23	0	0	0	0	0	0	0	0	0	0	0	0	0	0	0	0	0	0	0	20	0	0	0	0	0	1
OTU_536	46	0	0	0	0	0	0	0	0	7	0	0	0	0	1	0	0	0	0	67	0	0	0	0	0	0	0	0	0	0	0	0	0	0	0	0	0	0	0	0
OTU_725	0	0	0	0	0	0	8	0	0	0	0	17	0	3	0	0	0	0	0	0	0	0	0	0	0	0	0	0	4	0	0	0	0	2	10	0	0	0	0	4
OTU_819	0	0	0	0	1	3	1	1	0	0	0	4	0	2	0	0	0	0	0	0	0	0	0	0	1	0	0	0	4	0	0	0	0	2	10	5	0	0	0	0
OTU_504	0	0	1	0	0	7	17	1	2	0	0	11	10	3	0	0	0	1	0	0	0	0	1	0	0	0	0	0	6	0	0	0	0	2	15	1	0	0	0	6
OTU_950	0	0	0	0	0	1	2	0	0	0	0	0	7	2	0	0	0	0	0	0	0	0	0	0	0	0	0	0	6	0	0	0	0	2	1	0	0	0	0	6
OTU_966	0	0	0	0	0	0	7	0	0	0	0	8	0	1	0	0	0	0	0	0	0	0	0	0	0	0	0	0	1	0	0	0	0	1	8	1	0	0	0	0
OTU_549	0	0	2	1	0	0	7	2	0	0	0	5	5	0	0	1	1	0	0	0	0	0	0	2	0	0	0	0	7	2	0	0	0	2	18	0	2	0	1	9
OTU_970	0	0	0	0	0	0	0	0	0	0	5	0	6	0	0	0	0	0	0	0	0	0	0	0	0	0	0	0	1	0	0	0	0	0	4	1	0	0	0	2
OTU_805	0	0	0	0	0	7	1	0	0	0	0	8	1	2	0	0	0	0	0	0	0	0	0	0	0	0	0	0	0	0	0	0	0	1	5	8	0	0	0	0
OTU_906	0	0	0	0	0	0	1	0	0	0	0	8	2	0	0	0	0	0	0	0	0	0	0	0	0	0	0	0	2	0	0	0	0	0	16	1	0	0	0	6
OTU_1128	0	0	0	0	0	4	5	0	0	0	0	0	0	0	0	0	0	0	0	0	0	0	0	0	0	0	0	0	5	0	0	0	0	2	0	4	0	0	0	0
OTU_699	0	0	0	0	0	1	6	0	0	0	0	2	3	4	0	0	0	0	0	0	0	0	0	0	0	0	0	0	3	0	0	0	0	6	3	2	0	0	0	1
OTU_916	0	0	0	0	12	0	0	0	0	0	0	0	0	0	0	0	0	0	0	0	0	0	0	0	14	0	0	0	0	0	0	0	0	0	0	0	0	0	0	0
OTU_1094	0	0	0	0	0	2	0	0	0	0	0	3	0	4	0	0	0	0	0	0	0	0	0	0	0	0	0	0	0	0	0	0	1	6	4	4	0	0	0	1
OTU_1055	0	0	0	0	0	13	0	0	0	0	0	0	0	0	0	0	0	0	0	0	0	0	0	0	0	0	0	0	0	0	0	0	0	0	0	6	0	0	0	0
OTU_897	0	0	0	0	1	0	0	0	0	1	0	0	0	0	0	0	0	0	0	0	0	0	0	0	0	0	0	26	0	0	0	0	0	0	0	0	0	0	0	0
OTU_1154	0	0	0	0	0	0	2	0	0	0	0	1	0	1	0	0	0	0	0	0	0	0	0	0	0	0	0	0	8	0	0	0	0	0	3	0	0	0	0	2
OTU_776	0	0	0	0	0	0	1	0	0	0	0	1	2	13	0	0	0	0	0	0	0	0	0	0	0	0	0	0	0	0	0	0	0	14	0	0	0	0	0	4
OTU_602	0	0	1	23	0	0	2	0	0	0	6	1	0	1	0	0	1	0	0	0	0	0	0	32	0	0	0	0	0	0	0	0	0	0	0	1	0	0	0	1
OTU_1105	0	0	0	7	0	0	0	2	0	0	8	0	0	0	0	0	4	0	0	0	0	0	0	6	0	0	0	0	0	0	0	0	0	0	0	0	1	0	0	0
OTU_1136	0	0	0	0	0	1	4	0	0	0	0	0	0	3	0	0	0	0	0	0	0	0	0	0	0	0	0	0	7	0	0	0	0	1	0	0	0	0	0	0
OTU_979	0	0	0	0	0	0	3	0	0	0	0	10	0	0	0	0	0	0	0	0	0	0	0	0	0	0	0	0	0	0	0	0	0	0	9	0	0	0	0	0
OTU_1190	0	0	0	0	0	3	0	0	0	0	0	1	0	1	0	0	0	0	0	0	0	0	0	0	0	0	0	0	0	0	0	0	0	0	5	1	0	0	0	1
OTU_470	0	0	0	1	1	3	0	0	0	0	0	18	1	28	0	0	0	0	0	0	0	0	0	0	0	0	0	0	2	0	0	0	0	19	5	0	0	0	0	1
OTU_865	0	0	0	0	0	0	6	0	0	0	0	2	0	0	0	0	0	0	0	0	0	0	0	0	0	0	0	0	16	0	0	0	0	0	2	0	0	0	0	0
OTU_952	0	5	0	0	0	0	0	0	0	0	0	0	0	4	0	0	0	0	0	2	0	0	5	0	0	0	0	0	0	0	0	0	0	5	0	0	0	0	0	0
OTU_1182	0	0	0	0	0	0	1	0	0	0	0	0	0	0	7	0	1	0	0	4	0	0	0	0	2	0	0	0	0	0	0	0	3	0	0	0	0	0	0	0
OTU_1049	0	0	0	1	2	2	1	0	1	0	0	1	0	1	0	0	0	0	0	0	0	0	0	5	1	0	0	0	3	0	0	0	0	0	1	1	0	0	0	2
OTU_788	0	0	0	0	0	2	1	0	0	0	0	16	1	4	0	0	0	0	0	0	0	0	0	0	0	0	0	0	1	0	0	0	0	6	11	2	0	0	0	0
OTU_1115	0	0	0	0	0	2	4	0	0	0	0	5	0	3	0	0	0	0	0	0	0	0	0	0	0	0	0	0	4	0	0	0	0	0	4	0	0	0	0	0
OTU_1160	0	0	0	0	2	0	0	0	0	0	0	0	0	0	0	0	17	0	0	0	0	0	0	0	1	0	0	0	0	0	0	0	0	0	0	0	0	0	0	0
OTU_826	0	0	0	0	0	0	10	0	0	0	0	7	4	1	0	0	0	0	0	0	0	0	0	0	0	0	0	0	9	0	0	0	0	5	6	0	0	0	0	3
OTU_951	0	0	0	0	0	0	7	3	0	0	0	0	0	10	0	0	0	0	0	0	0	0	0	0	0	0	0	0	1	0	0	0	0	9	5	0	0	0	2	0
OTU_1080	0	0	1	5	0	0	0	0	0	1	0	0	0	0	0	0	0	0	0	10	0	0	0	6	2	0	0	0	0	0	0	0	0	0	0	0	0	0	0	0
OTU_1078	0	0	0	0	0	0	0	1	0	0	0	0	0	0	0	0	0	0	5	0	0	0	0	0	0	0	0	0	0	0	8	0	0	0	0	0	0	0	0	0
OTU_1005	0	0	0	0	0	0	0	0	0	0	0	7	0	1	0	0	0	0	0	0	0	0	0	0	0	0	0	0	0	0	0	0	0	0	15	0	0	0	0	0
OTU_1101	0	0	0	0	0	0	10	0	0	0	0	4	1	0	0	0	0	0	0	0	0	0	0	0	0	0	0	0	2	0	0	0	0	0	3	0	0	0	0	2
OTU_1015	0	0	0	0	0	3	2	0	0	0	0	1	3	3	0	0	0	0	0	0	0	0	0	0	0	0	0	0	0	0	0	0	0	8	3	0	0	0	0	0
OTU_712	0	0	0	0	0	1	0	0	0	0	0	26	0	0	0	0	0	0	0	0	0	0	0	0	0	0	0	0	0	0	0	0	0	0	22	3	0	0	0	0
OTU_1148	0	0	0	0	0	0	0	0	0	0	0	0	2	3	0	0	0	0	0	0	0	0	0	0	0	0	0	0	0	0	2	0	0	2	0	0	0	0	0	6
OTU_1134	0	0	0	0	2	0	3	0	0	0	0	3	0	1	0	0	0	0	0	0	0	0	0	0	0	0	0	0	2	0	0	0	0	1	5	0	0	0	0	0
OTU_875	0	0	0	0	0	11	14	0	0	0	0	5	4	5	0	0	0	2	0	0	0	0	0	0	0	5	0	0	1	0	0	0	0	1	12	3	0	0	0	3
OTU_1009	0	0	0	0	0	9	0	0	0	0	0	6	1	7	0	0	0	0	0	0	0	0	0	0	0	0	0	0	1	0	0	0	0	6	4	0	0	0	0	0
OTU_800	0	0	0	0	1	0	16	0	0	0	0	0	2	0	0	0	5	0	0	0	0	0	0	0	0	0	0	0	8	0	0	0	0	0	0	0	0	0	0	3
OTU_748	0	0	3	18	0	0	3	0	0	0	2	0	0	0	0	0	0	0	0	0	2	0	0	21	0	0	0	0	0	0	0	0	0	0	0	3	0	0	0	0
OTU_665	0	5	0	0	0	0	0	0	0	0	0	0	3	2	0	15	0	0	0	0	0	0	3	0	0	0	0	0	0	8	1	0	0	2	1	0	0	0	0	8
OTU_1077	0	0	0	0	0	1	0	0	0	0	0	4	0	9	0	0	0	0	0	0	0	0	0	0	0	0	0	0	0	0	0	0	0	2	7	0	0	0	0	0
OTU_1064	0	0	2	0	0	1	0	0	0	0	0	10	0	2	0	0	0	0	0	0	1	0	0	1	0	0	0	0	0	0	0	0	0	1	13	1	0	0	0	0
OTU_1149	0	0	0	0	0	0	0	0	0	0	0	5	0	1	0	0	0	0	0	0	0	0	0	0	0	0	0	0	3	0	0	0	0	1	12	0	0	0	0	0
OTU_1079	0	0	0	0	0	0	8	0	0	0	0	1	1	0	0	0	0	0	0	0	0	0	0	0	0	0	0	0	0	0	0	0	0	2	5	2	0	0	0	0
OTU_895	0	0	0	0	0	0	0	0	0	0	0	2	0	4	0	1	0	0	0	0	0	0	0	6	0	0	0	0	1	0	0	5	3	3	1	0	0	0	0	0
OTU_960	0	0	0	0	0	6	0	0	0	0	0	0	0	0	0	0	0	0	0	0	0	0	0	0	0	0	0	0	0	0	0	14	3	0	0	8	0	0	0	0
OTU_1063	0	0	0	0	0	1	1	0	0	0	0	14	6	12	0	0	0	0	0	2	0	0	0	0	0	0	0	0	7	0	0	0	0	14	17	3	0	0	0	7
OTU_1052	0	0	0	0	0	0	0	0	0	0	0	10	4	0	0	0	0	0	0	0	0	0	0	0	0	0	0	0	0	0	0	0	0	0	8	0	0	0	0	0
OTU_1071	0	0	0	0	0	0	0	0	0	0	0	4	0	1	0	0	0	0	0	0	0	0	0	0	0	0	0	0	1	0	0	0	0	1	14	0	0	0	0	0
OTU_1091	0	0	0	0	0	0	2	0	0	0	0	5	2	0	0	0	0	0	0	0	0	0	0	0	0	0	0	0	0	0	0	0	0	0	5	0	0	0	0	3
OTU_1165	0	0	0	0	0	0	1	0	0	0	0	4	0	0	0	0	0	0	0	0	0	0	0	0	0	0	0	0	1	0	0	0	0	4	6	0	0	0	0	2
OTU_1097	0	0	0	0	0	1	1	0	0	0	0	3	6	0	0	0	0	0	0	0	0	0	0	0	0	0	0	0	1	0	0	0	0	5	0	0	0	0	0	1
OTU_983	0	0	0	0	0	0	0	0	0	0	0	5	0	5	0	0	0	0	0	0	0	0	0	0	0	0	0	0	6	0	0	0	0	2	12	1	0	0	0	0
OTU_956	0	0	0	0	0	0	0	0	0	16	0	0	0	0	0	0	0	0	0	0	0	0	0	0	0	0	0	0	0	0	0	15	1	0	0	0	0	0	0	0
OTU_1210	0	0	0	0	0	1	0	0	0	0	0	0	0	0	0	2	0	0	0	0	0	0	0	0	0	4	0	0	0	1	0	0	0	0	0	2	0	0	0	0
OTU_804	0	0	0	2	3	12	1	0	0	3	0	4	1	4	0	0	0	0	0	1	0	0	0	0	4	0	0	0	1	0	0	0	1	0	0	4	0	0	0	3
OTU_1164	0	0	0	0	0	3	0	0	0	0	0	6	2	0	0	0	0	0	0	0	0	0	0	0	0	0	0	0	0	0	0	0	0	0	5	4	0	0	0	0
OTU_1001	0	0	0	0	0	3	4	0	0	0	0	0	2	0	0	0	0	0	0	0	0	0	0	0	0	0	0	0	6	0	0	0	0	1	2	4	0	0	0	0
OTU_1213	0	0	0	0	0	2	0	0	0	0	0	5	1	0	0	0	0	0	0	0	0	0	0	0	0	0	0	0	0	0	0	0	0	0	2	4	0	0	0	0
OTU_1150	0	0	0	0	0	0	4	0	0	0	0	0	0	8	0	0	0	0	0	0	0	0	0	0	0	0	0	0	2	0	0	0	0	4	0	0	0	0	0	0
OTU_1068	0	0	0	2	0	0	0	0	0	0	0	13	0	0	0	0	0	0	0	0	0	0	0	0	0	0	0	0	0	0	0	0	0	0	3	0	0	0	0	0
OTU_1132	0	0	0	0	0	0	0	0	0	0	0	0	10	0	0	0	0	0	0	0	0	0	0	0	0	0	0	0	0	0	0	0	0	0	0	0	0	0	0	12
OTU_905	0	0	0	0	0	0	2	0	0	0	0	1	0	10	0	0	0	0	0	0	0	0	0	0	0	0	0	0	1	0	0	0	0	10	0	0	0	0	0	0
OTU_1153	0	0	0	0	1	0	2	0	0	0	3	0	2	1	0	0	0	0	1	0	0	0	0	0	1	0	0	0	6	0	0	0	0	0	1	0	0	0	0	1
OTU_861	0	0	0	7	0	0	0	0	0	0	0	11	3	0	0	0	0	0	0	0	0	0	0	14	0	0	0	0	0	0	0	0	0	0	11	0	0	0	0	8
OTU_980	0	0	0	0	0	1	0	0	0	3	0	0	4	0	0	0	0	0	0	0	0	0	0	2	0	0	0	0	0	0	0	2	0	0	0	1	0	0	0	5
OTU_1087	0	0	0	0	0	0	2	0	0	0	0	4	1	2	0	2	0	0	0	0	0	0	0	0	0	0	0	0	1	1	0	0	0	1	5	0	0	0	0	1
OTU_1175	0	0	0	1	2	0	0	0	0	2	0	1	0	0	0	0	0	0	0	5	0	0	0	1	3	0	0	0	7	0	0	0	0	0	0	0	0	0	0	2
OTU_1142	0	0	0	0	0	0	0	0	0	0	0	0	0	8	0	0	0	0	0	0	0	0	0	0	0	0	0	0	0	0	0	0	0	10	0	0	2	0	0	0
OTU_1188	0	0	0	0	0	0	0	0	0	0	0	0	1	0	0	0	7	0	0	0	0	0	0	0	0	0	0	0	1	0	0	0	9	0	0	0	0	0	0	1
OTU_1099	0	0	0	0	0	7	0	0	0	0	0	0	0	0	0	0	0	0	0	0	0	0	0	0	0	0	0	0	0	0	0	0	0	0	0	9	0	0	0	0
OTU_1113	1	0	0	0	0	0	0	0	0	0	0	2	0	0	0	0	0	0	0	1	0	0	0	2	0	0	0	0	0	0	0	0	0	0	11	0	0	0	0	0
OTU_1137	0	0	0	0	0	2	3	0	0	0	0	2	0	0	0	0	0	0	0	0	0	0	0	0	0	0	0	0	4	0	0	0	0	0	6	0	0	0	0	0
OTU_1198	0	0	0	0	0	0	0	0	0	0	0	0	0	8	0	0	0	0	0	0	0	0	0	0	0	0	0	0	0	0	0	0	0	9	0	0	0	0	0	0
OTU_1046	0	0	0	0	0	4	2	0	1	0	0	6	0	2	0	0	1	0	0	0	0	0	0	0	0	0	0	0	2	0	0	0	0	1	3	5	0	0	0	0
OTU_999	0	0	0	0	0	0	2	0	0	0	0	0	9	0	0	0	0	0	0	0	0	0	0	0	0	0	0	0	3	0	0	0	0	0	3	0	0	0	1	6
